69,-105,-117
69,-113,-103
66,-108,-114
63,-109,-117
64,-100,-112
76,-106,-116
67,-103,-119
76,-110,-116
74,-100,-118
65,-109,-105
70,-110,-110
70,-114,-104
70,-108,-112
75,-105,-107
65,-103,-107
76,-108,-116
71,-105,-119
76,-102,-108
67,-111,-107
82,-126,-104
85,-123,-109
89,-123,-125
90,-128,-148
100,-124,-164
108,-118,-198
115,-115,-213
123,-103,-229
102,-84,-240
115,-67,-243
103,-47,-259
103,-7,-261
84,28,-240
81,55,-225
68,86,-196
72,100,-158
58,72,-124
55,35,-71
50,0,-54
74,-60,-22
104,-114,-12
144,-150,-2
181,-179,13
218,-174,12
251,-187,13
265,-190,14
282,-188,17
297,-187,15
304,-194,4
295,-205,-5
287,-211,-29
261,-219,-53
235,-213,-79
203,-209,-119
167,-189,-161
145,-165,-173
128,-124,-214
108,-78,-236
99,1,-249
88,42,-226
90,80,-213
103,113,-201
95,125,-195
97,139,-149
103,163,-119
89,155,-87
79,123,-51
74,86,-30
75,45,1
83,-11,19
113,-75,21
121,-105,29
159,-139,21
187,-167,5
217,-191,-11
247,-213,-37
289,-221,-65
317,-231,-73
345,-217,-73
368,-212,-60
368,-203,-67
377,-203,-67
421,-163,-61
448,-148,-56
466,-126,-76
463,-95,-69
485,-91,-73
475,-73,-77
491,-53,-61
499,-41,-69
500,-44,-76
502,-38,-72
502,-20,-78
500,-14,-86
505,-5,-89
507,7,-91
498,6,-124
504,26,-120
500,36,-146
494,60,-162
487,73,-167
480,100,-174
463,113,-179
447,155,-149
431,179,-131
408,200,-122
364,214,-124
358,232,-114
362,224,-114
373,213,-129
402,200,-124
434,168,-126
454,142,-130
486,96,-120
506,40,-98
503,-11,-91
487,-75,-91
458,-126,-92
417,-169,-77
360,-204,-88
330,-216,-96
255,-213,-95
206,-204,-106
151,-169,-115
120,-150,-138
84,-94,-148
65,-27,-153
65,45,-159
87,117,-171
115,155,-153
156,190,-146
199,219,-133
239,239,-137
283,243,-121
339,233,-133
383,209,-135
424,178,-154
448,150,-156
460,132,-154
473,99,-157
474,114,-161
474,106,-168
481,101,-167
473,109,-171
471,123,-163
458,146,-160
448,154,-162
404,182,-162
356,212,-182
291,227,-183
208,212,-192
143,173,-205
113,129,-213
85,77,-211
61,17,-203
71,-31,-195
83,-69,-185
87,-113,-171
123,-145,-153
146,-182,-138
179,-209,-121
224,-218,-106
266,-224,-90
333,-211,-75
360,-206,-80
385,-187,-67
405,-171,-67
402,-186,-74
406,-174,-74
400,-186,-74
371,-189,-77
317,-207,-83
279,-219,-75
252,-224,-68
226,-208,-74
178,-198,-92
150,-186,-106
136,-172,-124
121,-157,-157
120,-150,-182
126,-146,-212
136,-150,-218
136,-140,-246
131,-115,-275
138,-96,-290
147,-73,-305
157,-33,-325
157,23,-317
154,66,-292
167,115,-267
174,154,-252
167,170,-218
165,187,-189
180,196,-172
178,212,-140
168,212,-118
174,214,-106
174,207,-79
155,201,-83
108,164,-68
90,136,-48
64,64,-22
68,-4,-2
98,-72,2
143,-133,15
190,-164,18
236,-172,20
275,-185,15
329,-189,17
344,-178,8
368,-156,12
379,-143,25
388,-128,24
381,-119,37
389,-103,49
386,-100,46
353,-129,53
345,-157,33
311,-165,29
301,-171,35
292,-186,12
275,-189,-7
266,-202,-16
255,-217,-47
254,-214,-60
266,-218,-84
263,-225,-129
273,-219,-157
295,-209,-197
289,-185,-229
294,-182,-273
298,-152,-266
292,-126,-298
285,-81,-325
318,14,-330
319,29,-329
345,61,-309
380,86,-288
413,107,-255
454,104,-226
479,89,-189
488,74,-152
495,63,-125
505,45,-103
512,36,-96
508,12,-70
506,2,-72
505,-5,-73
501,-17,-71
509,-11,-117
499,-9,-163
485,-23,-197
461,-51,-235
444,-76,-260
420,-102,-276
397,-115,-277
374,-134,-288
341,-153,-284
332,-166,-284
302,-168,-274
292,-170,-276
256,-166,-274
217,-167,-269
193,-171,-247
179,-169,-227
154,-164,-198
133,-159,-187
126,-158,-156
123,-167,-107
140,-174,-82
160,-170,-56
157,-169,-31
164,-170,-14
194,-166,12
243,-163,33
274,-148,46
298,-126,58
348,-120,56
385,-115,43
394,-110,26
418,-124,0
432,-108,-12
446,-118,-26
457,-111,-45
461,-107,-67
475,-97,-75
467,-89,-89
482,-80,-120
485,-71,-125
487,-55,-149
482,-26,-194
455,-23,-231
448,-26,-264
425,-21,-283
411,-25,-295
400,-38,-298
375,-29,-311
375,-53,-315
362,-64,-312
347,-81,-305
340,-98,-312
340,-98,-298
332,-140,-278
331,-177,-245
329,-181,-237
348,-194,-204
348,-216,-148
335,-219,-87
310,-206,-66
276,-220,-52
245,-213,-49
219,-209,-69
192,-208,-90
160,-198,-106
147,-189,-119
139,-179,-131
141,-177,-165
121,-151,-185
122,-124,-220
128,-98,-240
136,-68,-276
138,-52,-272
134,-42,-278
120,-40,-260
109,-37,-255
97,-21,-247
82,-6,-226
81,-5,-217
74,14,-202
61,51,-163
65,81,-149
71,97,-141
71,99,-143
80,106,-142
79,127,-149
102,120,-154
93,117,-163
86,100,-196
81,71,-217
92,46,-238
92,10,-244
94,-10,-260
100,-46,-264
121,-85,-253
113,-99,-245
101,-109,-221
89,-111,-193
96,-130,-188
99,-127,-185
90,-120,-166
78,-136,-136
79,-131,-101
75,-109,-99
58,-94,-104
68,-84,-162
52,-60,-170
63,-43,-179
52,-32,-198
57,-23,-213
54,-20,-210
49,-23,-219
68,-22,-226
62,-30,-222
55,-35,-193
67,-45,-211
76,-38,-230
77,-23,-257
90,4,-264
114,26,-296
136,32,-317
211,67,-339
263,81,-325
318,90,-318
326,104,-312
394,118,-276
423,103,-265
455,89,-235
473,77,-219
481,49,-205
495,33,-195
495,13,-205
485,9,-231
450,8,-272
424,6,-292
424,-20,-318
384,-20,-333
347,-49,-333
316,-72,-334
283,-99,-331
254,-134,-304
245,-170,-264
210,-174,-254
203,-189,-223
193,-203,-195
200,-216,-146
189,-213,-117
187,-207,-79
197,-203,-49
201,-195,-37
205,-189,-13
242,-200,-6
235,-183,0
249,-183,11
281,-177,27
311,-181,21
327,-169,27
338,-160,30
359,-143,33
385,-145,25
381,-131,25
386,-136,28
388,-113,37
396,-110,29
408,-104,38
407,-87,39
447,-71,31
444,-84,14
445,-101,-5
461,-101,-47
482,-92,-70
458,-114,-82
449,-127,-79
462,-130,-116
461,-121,-135
447,-151,-155
427,-153,-173
418,-148,-196
399,-169,-209
367,-187,-207
332,-192,-218
305,-209,-211
286,-212,-184
239,-207,-175
218,-202,-186
181,-187,-201
147,-161,-193
123,-147,-199
113,-121,-209
101,-111,-211
91,-99,-207
94,-82,-222
86,-70,-226
92,-48,-216
97,-35,-255
93,-31,-287
104,-28,-286
106,6,-268
113,45,-271
121,65,-285
138,102,-272
114,128,-234
110,130,-206
141,177,-189
148,192,-172
147,195,-149
152,208,-126
166,222,-106
192,238,-100
217,253,-105
252,240,-84
264,240,-72
322,244,-68
351,241,-71
373,227,-77
405,211,-83
402,214,-82
403,219,-89
413,211,-103
415,199,-129
412,196,-166
417,179,-191
423,151,-211
425,119,-249
413,107,-273
376,72,-312
369,75,-311
362,88,-308
338,84,-314
313,89,-327
309,89,-323
292,94,-306
288,96,-304
269,111,-301
239,127,-299
212,136,-282
185,155,-259
146,150,-210
115,132,-176
84,118,-138
69,103,-127
60,82,-88
65,49,-45
68,16,-26
64,-21,1
88,-18,6
112,-56,30
156,-82,50
174,-84,62
212,-104,76
260,-106,83
294,-106,78
342,-110,66
358,-92,68
375,-89,61
411,-81,43
435,-79,27
442,-90,18
453,-77,-21
475,-85,-43
494,-82,-86
483,-69,-155
476,-60,-214
448,-46,-272
428,-38,-286
391,-27,-305
349,-41,-327
354,-40,-326
392,-48,-308
423,-63,-285
440,-94,-258
454,-112,-206
468,-132,-164
458,-144,-150
402,-198,-126
362,-218,-76
318,-214,-44
285,-215,-41
268,-208,-10
255,-179,7
233,-171,23
217,-173,17
188,-160,10
148,-146,0
109,-117,-19
75,-103,-55
62,-90,-108
73,-99,-155
68,-86,-166
80,-96,-192
72,-98,-178
78,-96,-168
70,-92,-120
66,-87,-101
75,-79,-53
116,-88,6
153,-77,53
199,-81,83
475,-67,101
281,-57,102
319,-41,91
350,-20,92
377,-17,89
397,-5,79
422,-14,62
451,-5,31
458,-6,32
473,-11,7
483,-9,-25
489,-6,-74
500,-2,-88
496,6,-110
504,20,-130
509,3,-155
494,20,-168
504,34,-180
505,24,-188
510,26,-170
501,25,-155
507,9,-137
500,-34,-68
478,-48,-15
448,-80,10
434,-80,20
390,-114,52
339,-161,53
288,-182,24
227,-187,-11
190,-183,-17
150,-164,-20
146,-162,-22
125,-151,-31
100,-136,-46
82,-102,-60
57,-87,-69
51,-63,-67
53,-61,-61
57,-37,-51
56,-20,-32
58,-14,-24
72,-8,-14
76,-6,16
99,-19,43
141,-41,59
172,-50,82
211,-67,91
253,-99,97
272,-126,72
297,-143,59
297,-149,59
333,-161,25
368,-166,-12
398,-168,-42
402,-172,-76
415,-171,-89
415,-171,-89
397,-179,-107
380,-196,-108
348,-206,-98
267,-221,-71
196,-202,-74
139,-179,-81
96,-148,-78
66,-106,-86
64,-94,-78
40,-48,-76
59,-35,-19
54,-16,-16
64,0,6
76,6,14
79,13,19
73,7,19
80,30,14
89,41,25
98,52,36
98,82,44
126,90,38
133,109,29
167,129,39
185,151,35
184,166,32
204,172,27
229,179,35
252,168,34
267,161,57
295,147,69
319,125,101
325,73,105
332,22,106
332,-12,104
308,-48,106
294,-78,88
260,-96,88
225,-105,71
196,-118,58
184,-150,20
182,-163,-9
187,-167,-11
189,-175,-15
178,-178,-20
188,-174,-30
175,-189,-67
181,-201,-87
179,-193,-87
172,-192,-122
177,-205,-137
192,-196,-162
178,-185,-179
175,-185,-181
190,-200,-162
198,-212,-150
217,-215,-141
224,-222,-136
236,-232,-142
251,-231,-143
261,-231,-149
277,-235,-165
287,-223,-161
307,-219,-165
303,-207,-189
316,-202,-198
306,-190,-210
282,-190,-232
273,-179,-237
262,-190,-229
227,-195,-203
177,-189,-169
145,-189,-133
109,-151,-101
109,-107,-79
75,-103,-67
64,-74,-66
51,-13,-63
41,35,-77
60,94,-76
65,109,-91
64,118,-84
69,131,-77
71,123,-89
62,112,-114
66,100,-152
52,60,-164
38,20,-168
69,-37,-195
98,-70,-230
98,-101,-265
144,-104,-275
165,-111,-273
199,-153,-267
225,-189,-233
243,-211,-205
289,-215,-179
326,-222,-162
365,-205,-129
384,-196,-112
401,-189,-107
419,-175,-115
445,-155,-117
456,-132,-112
461,-119,-115
478,-96,-134
477,-109,-139
480,-96,-144
490,-76,-162
485,-57,-187
486,-68,-214
482,-48,-214
469,-27,-229
462,0,-246
461,25,-259
444,38,-276
404,46,-310
382,82,-308
353,101,-309
320,114,-320
321,91,-321
323,97,-317
334,96,-304
334,96,-297
399,75,-299
427,27,-283
432,0,-284
423,-65,-269
409,-97,-263
376,-138,-252
338,-162,-242
288,-166,-248
238,-164,-232
181,-149,-227
153,-121,-223
124,-88,-222
98,-68,-222
81,-25,-233
71,13,-237
71,47,-221
67,63,-222
75,85,-227
82,94,-210
73,111,-207
77,109,-217
61,87,-201
54,88,-164
46,80,-146
43,61,-139
35,41,-139
39,7,-127
41,-25,-125
58,-58,-120
58,-84,-134
79,-121,-139
99,-164,-132
132,-184,-88
162,-194,-68
195,-195,-31
253,-209,-27
290,-212,-32
304,-202,-27
342,-196,-38
368,-202,-46
375,-189,-53
372,-198,-46
321,-219,-77
274,-226,-124
223,-213,-161
159,-183,-187
120,-120,-222
114,-74,-256
89,-37,-251
89,9,-257
97,15,-261
89,13,-251
81,13,-239
73,-7,-235
60,-10,-234
65,-23,-217
69,-51,-217
66,-96,-190
85,-143,-149
83,-137,-102
99,-153,-85
132,-158,-38
173,-161,7
220,-150,50
256,-144,48
285,-161,39
307,-177,21
327,-189,-9
332,-198,-32
326,-208,-44
304,-208,-52
297,-225,-71
266,-230,-102
222,-216,-158
202,-184,-198
169,-159,-247
156,-128,-266
138,-72,-276
115,-33,-277
102,-10,-276
99,20,-262
92,38,-254
96,64,-252
92,72,-234
82,74,-228
72,78,-216
63,67,-217
48,18,-178
57,-51,-151
77,-111,-125
123,-163,-95
176,-196,-54
226,-204,-48
259,-201,-35
297,-207,-55
308,-216,-72
272,-214,-96
219,-207,-125
199,-199,-144
137,-177,-151
95,-129,-153
56,-78,-154
44,-18,-156
46,-6,-170
43,5,-177
54,10,-180
69,23,-193
74,22,-212
85,1,-233
94,4,-222
95,-7,-241
99,-60,-230
106,-86,-224
101,-77,-217
77,-55,-205
75,-51,-191
77,-69,-183
79,-67,-187
76,-54,-198
78,-58,-222
93,-61,-229
112,-70,-244
138,-72,-282
175,-49,-321
176,-28,-338
197,3,-341
180,34,-326
161,27,-313
128,40,-302
95,31,-269
77,-11,-243
59,-43,-207
54,-72,-158
63,-93,-127
77,-111,-91
79,-103,-65
86,-110,-48
93,-103,-47
78,-94,-44
72,-82,-48
80,-88,-54
78,-92,-76
79,-103,-121
71,-89,-133
81,-87,-157
80,-98,-168
82,-88,-172
72,-78,-186
64,-74,-178
63,-59,-177
59,-57,-190
60,-58,-184
53,-43,-191
53,-47,-183
53,-63,-183
49,-83,-163
56,-90,-140
63,-95,-123
62,-92,-118
66,-92,-116
62,-94,-106
63,-87,-97
73,-87,-101
52,-84,-100
44,-66,-110
60,-62,-106
52,-60,-108
49,-55,-115
42,-50,-142
44,-36,-137
45,-31,-131
46,-42,-124
42,-38,-120
46,-56,-124
47,-69,-125
62,-92,-128
73,-103,-148
61,-83,-143
68,-82,-134
74,-86,-156
59,-65,-135
59,-67,-129
60,-70,-142
72,-58,-140
70,-68,-148
69,-55,-151
72,-64,-158
73,-67,-165
74,-72,-182
87,-79,-177
76,-80,-170
74,-90,-170
73,-110,-170
73,-115,-159
59,-119,-129
60,-108,-112
61,-113,-103
74,-110,-88
73,-101,-69
85,-97,-57
104,-116,-52
105,-131,-53
128,-156,-56
137,-169,-63
207,-215,-87
260,-218,-88
332,-214,-78
386,-192,-70
414,-170,-74
427,-161,-71
425,-165,-81
402,-186,-86
398,-188,-94
359,-205,-93
360,-208,-84
348,-202,-82
356,-200,-82
373,-195,-73
367,-189,-79
348,-194,-80
348,-194,-68
295,-219,-75
252,-216,-60
203,-203,-79
154,-180,-102
103,-145,-125
60,-46,-144
56,30,-162
65,75,-175
97,123,-179
128,154,-192
119,159,-205
139,175,-197
169,191,-205
171,195,-215
172,200,-202
178,198,-208
175,203,-207
158,198,-200
132,168,-212
95,143,-221
89,129,-213
60,68,-212
64,-10,-198
59,-79,-183
95,-127,-163
127,-175,-149
165,-201,-135
231,-221,-111
279,-231,-103
338,-210,-100
384,-186,-84
384,-178,-66
413,-173,-68
437,-161,-69
443,-135,-63
445,-143,-67
437,-137,-63
440,-132,-74
438,-146,-78
425,-151,-81
402,-176,-80
338,-196,-84
294,-208,-92
239,-211,-111
157,-173,-127
147,-167,-135
97,-115,-147
68,-36,-158
58,34,-174
84,100,-182
112,148,-174
143,189,-185
184,202,-178
202,212,-182
227,219,-179
245,225,-183
244,230,-194
230,224,-196
220,198,-202
192,202,-210
137,171,-213
102,140,-206
67,79,-187
46,16,-166
51,-49,-151
74,-106,-142
108,-154,-130
145,-201,-121
177,-211,-107
190,-218,-98
221,-225,-93
250,-224,-82
280,-226,-80
311,-221,-73
341,-203,-71
341,-203,-72
395,-183,-67
403,-175,-75
422,-154,-60
429,-157,-71
436,-150,-64
431,-153,-69
413,-171,-73
390,-182,-84
364,-196,-78
335,-203,-89
275,-209,-81
250,-210,-90
204,-204,-98
165,-183,-117
122,-158,-130
115,-123,-149
100,-110,-150
72,-48,-160
57,-7,-181
58,42,-180
75,93,-173
94,124,-184
120,152,-196
127,159,-195
141,161,-207
124,154,-214
130,132,-218
110,128,-208
91,93,-215
77,45,-207
62,-4,-198
71,-45,-203
97,-119,-171
129,-151,-171
149,-175,-155
174,-202,-128
212,-214,-92
232,-218,-49
286,-204,-34
344,-186,-12
378,-152,-8
397,-127,5
414,-110,6
436,-90,10
442,-86,4
445,-93,-1
440,-96,-8
445,-100,-12
441,-117,-29
422,-138,-24
393,-161,-29
350,-192,-46
298,-206,-64
279,-218,-84
229,-203,-93
181,-177,-117
136,-146,-140
102,-104,-158
76,-64,-158
71,-27,-161
68,2,-168
66,16,-172
65,29,-165
59,27,-141
50,22,-132
55,25,-131
46,-2,-114
50,-18,-106
52,-26,-104
46,-14,-106
51,-7,-95
57,-25,-97
49,-43,-105
50,-32,-108
57,-33,-111
50,-34,-108
55,-37,-103
61,-43,-103
56,-36,-102
56,-36,-94
57,-60,-90
60,-66,-86
58,-66,-90
53,-67,-101
64,-88,-112
66,-98,-122
71,-103,-120
78,-110,-134
84,-108,-130
68,-82,-132
78,-88,-126
74,-72,-138
66,-78,-136
72,-76,-128
72,-76,-132
64,-70,-122
63,-79,-109
61,-85,-106
64,-88,-102
73,-95,-105
77,-103,-95
72,-102,-112
75,-101,-118
74,-84,-120
68,-88,-130
60,-82,-134
70,-78,-138
68,-72,-132
56,-56,-126
59,-61,-131
62,-48,-124
60,-74,-130
61,-89,-125
75,-93,-136
78,-90,-138
76,-92,-136
74,-98,-140
66,-86,-132
78,-84,-138
71,-81,-141
73,-75,-155
74,-78,-154
77,-77,-151
80,-76,-162
87,-91,-165
76,-78,-146
71,-63,-145
78,-90,-136
76,-96,-126
73,-93,-119
64,-102,-126
68,-94,-126
61,-77,-119
58,-86,-128
70,-82,-126
69,-85,-133
77,-77,-129
74,-90,-138
73,-97,-147
71,-89,-139
77,-97,-141
65,-95,-139
63,-73,-147
56,-50,-150
79,-93,-129
102,-138,-120
94,-138,-122
127,-151,-101
217,-211,-77
299,-201,-41
382,-168,-36
401,-153,-25
426,-128,-26
426,-128,-26
449,-123,-33
453,-109,-43
449,-105,-41
459,-119,-53
443,-135,-57
434,-150,-64
425,-161,-55
414,-158,-56
371,-183,-61
315,-199,-71
266,-200,-82
200,-192,-102
138,-162,-120
101,-125,-135
90,-112,-136
51,1,-143
52,14,-148
57,39,-151
56,50,-152
55,45,-161
62,36,-162
54,20,-162
58,12,-172
53,-11,-157
59,-17,-155
56,-54,-144
59,-65,-143
65,-67,-129
63,-71,-125
69,-78,-122
73,-93,-119
77,-99,-125
71,-99,-117
74,-94,-108
76,-98,-120
74,-106,-124
73,-98,-124
81,-85,-128
70,-96,-128
74,-90,-138
69,-87,-141
73,-89,-129
74,-94,-140
67,-85,-143
84,-88,-138
81,-107,-139
92,-122,-132
96,-128,-138
96,-138,-146
100,-130,-138
90,-118,-134
85,-117,-135
86,-108,-114
73,-101,-111
88,-104,-104
83,-109,-99
85,-109,-97
81,-107,-91
92,-118,-98
90,-118,-102
90,-122,-96
88,-114,-102
76,-94,-108
77,-89,-109
75,-89,-106
67,-83,-105
62,-86,-102
74,-82,-108
71,-87,-107
71,-79,-111
62,-82,-102
70,-86,-106
67,-87,-87
59,-71,-89
62,-81,-55
79,-93,-51
76,-80,-48
87,-79,-31
86,-78,-20
80,-62,-18
84,-68,-28
77,-55,-17
75,-49,-27
84,-70,-24
94,-78,-18
82,-73,-25
84,-94,-38
95,-101,-51
78,-88,-58
89,-99,-79
98,-100,-92
88,-102,-108
96,-92,-110
97,-81,-131
92,-78,-134
96,-100,-150
103,-83,-143
99,-79,-149
100,-92,-160
100,-82,-144
99,-81,-159
101,-81,-161
107,-89,-175
100,-104,-180
97,-123,-161
77,-127,-145
83,-119,-127
88,-116,-104
83,-103,-101
75,-99,-117
54,-72,-114
49,-57,-103
55,-43,-109
48,-52,-92
56,-42,-76
68,-28,-64
63,-33,-55
62,-27,-57
55,-29,-56
56,-30,-56
55,-39,-69
53,-29,-51
60,-40,-38
65,-33,-37
68,-40,-42
76,-68,-42
72,-86,-68
78,-82,-92
87,-95,-101
92,-108,-112
93,-107,-117
82,-90,-128
79,-93,-139
88,-76,-136
83,-77,-133
80,-74,-130
78,-64,-132
87,-65,-143
80,-56,-134
83,-55,-139
97,-73,-160
94,-80,-168
94,-76,-172
97,-65,-173
90,-86,-168
92,-80,-180
89,-93,-153
83,-89,-131
69,-91,-125
71,-105,-123
70,-108,-92
73,-95,-91
76,-100,-96
73,-94,-86
71,-95,-81
58,-68,-94
51,-77,-87
50,-50,-74
53,-39,-75
53,-45,-75
53,-19,-81
59,-19,-80
53,-23,-75
54,-26,-70
58,-26,-76
52,-18,-66
55,-27,-69
45,-31,-67
51,-31,-60
52,-34,-58
64,-42,-60
64,-48,-62
70,-62,-80
67,-75,-93
75,-87,-91
78,-92,-104
75,-73,-113
77,-73,-119
81,-67,-113
74,-64,-118
66,-56,-120
72,-60,-116
55,-43,-103
62,-44,-114
61,-49,-117
73,-55,-121
72,-64,-128
75,-71,-137
83,-89,-153
83,-108,-146
90,-96,-159
90,-88,-162
80,-104,-148
62,-84,-150
64,-56,-138
64,-56,-127
69,-85,-127
80,-120,-108
67,-109,-109
60,-90,-104
59,-91,-113
53,-69,-93
57,-49,-83
54,-56,-78
64,-64,-74
64,-36,-54
60,-38,-46
72,-60,-40
74,-46,-38
65,-43,-35
70,-50,-38
53,-45,-63
53,-42,-84
58,-42,-98
65,-61,-105
64,-56,-114
73,-49,-121
76,-56,-126
63,-37,-133
67,-34,-126
76,-34,-130
70,-34,-130
62,-14,-138
77,-31,-135
75,-31,-161
80,-42,-156
70,-56,-150
80,-76,-148
85,-77,-151
74,-98,-144
67,-87,-143
61,-83,-125
63,-87,-123
50,-76,-102
49,-75,-113
60,-94,-110
61,-97,-89
55,-77,-85
58,-84,-90
71,-79,-87
69,-73,-69
65,-57,-57
74,-64,-54
73,-67,-49
73,-67,-51
71,-67,-47
71,-65,-49
75,-65,-49
67,-65,-45
75,-63,-57
59,-53,-67
59,-53,-83
63,-39,-99
64,-48,-106
69,-57,-127
74,-54,-128
67,-41,-129
79,-49,-147
78,-56,-156
77,-53,-163
87,-49,-153
93,-45,-161
88,-56,-166
89,-43,-171
88,-60,-164
86,-60,-168
83,-61,-163
72,-72,-158
65,-92,-152
78,-104,-150
74,-96,-138
68,-104,-140
61,-73,-125
61,-65,-121
59,-65,-119
56,-40,-138
56,20,-148
60,54,-156
60,54,-156
106,144,-162
150,186,-164
207,221,-165
248,232,-170
251,225,-153
258,228,-160
252,228,-144
229,223,-143
202,216,-138
153,187,-143
132,182,-138
94,98,-144
72,-10,-146
92,-72,-155
129,-145,-143
146,-144,-144
201,-201,-133
253,-209,-111
269,-213,-97
288,-206,-90
346,-202,-86
353,-199,-73
377,-185,-65
400,-156,-36
416,-148,-26
408,-132,-16
391,-145,-1
374,-162,0
361,-161,1
329,-177,-13
294,-196,-52
245,-215,-97
197,-201,-125
186,-198,-126
170,-186,-170
135,-143,-217
123,-85,-255
100,-30,-268
112,24,-272
151,99,-273
152,118,-266
188,152,-258
211,179,-249
218,188,-226
196,202,-202
191,201,-187
179,199,-181
152,192,-146
124,176,-128
124,156,-116
110,140,-110
95,129,-115
80,62,-122
69,-17,-129
93,-95,-141
148,-164,-140
234,-208,-138
316,-214,-124
354,-192,-108
408,-182,-90
428,-140,-60
440,-122,-28
422,-116,-16
413,-123,7
402,-136,12
373,-139,11
340,-160,4
310,-178,6
264,-204,-58
234,-214,-102
174,-196,-164
147,-155,-197
130,-120,-246
113,-45,-267
115,-41,-261
128,32,-286
163,105,-281
209,147,-275
261,179,-259
298,198,-232
351,185,-223
373,173,-231
388,162,-230
410,144,-218
421,149,-223
435,133,-233
431,107,-233
432,60,-264
386,36,-306
315,-245,-339
271,-31,-349
255,-65,-341
238,-84,-326
235,-97,-317
219,-121,-311
225,-137,-295
217,-151,-279
217,-155,-269
221,-163,-251
197,-187,-219
200,-192,-189
185,-187,-189
196,-210,-166
202,-216,-108
236,-216,-68
264,-214,-86
288,-206,-54
308,-190,-32
366,-186,-44
389,-177,-69
405,-159,-59
415,-159,-54
436,-128,-68
447,-129,-59
427,-121,-33
397,-144,-18
372,-174,-29
353,-175,-29
313,-201,-39
290,-206,-56
278,-212,-100
255,-219,-149
226,-204,-190
185,-163,-235
188,-146,-238
164,-84,-282
160,28,-304
198,94,-302
258,146,-282
300,188,-252
323,203,-221
332,204,-206
351,193,-203
344,210,-192
359,205,-169
362,218,-160
344,230,-144
335,226,-170
330,226,-170
301,215,-205
269,173,-267
232,112,-302
228,40,-330
233,-17,-327
229,-85,-319
240,-118,-302
241,-129,-301
255,-167,-261
259,-193,-227
254,-212,-188
237,-213,-159
233,-223,-121
229,-225,-81
229,-213,-49
247,-211,-53
253,-207,-35
292,-194,2
330,-178,0
362,-174,-6
386,-150,0
421,-121,-9
439,-101,-13
436,-98,-20
455,-83,-35
476,-70,-52
482,-54,-68
486,-50,-78
492,-38,-72
487,-33,-69
480,-50,-38
458,-52,-22
437,-71,-1
433,-85,23
418,-82,46
418,-80,50
392,-92,60
389,-89,59
390,-82,66
374,-94,72
373,-107,65
372,-106,68
363,-131,59
327,-191,-29
276,-206,-102
244,-218,-152
249,-185,-197
214,-188,-204
160,-136,-246
153,-95,-273
150,-4,-302
177,49,-303
181,71,-298
239,131,-289
289,175,-261
336,186,-216
351,187,-211
377,182,-220
378,174,-214
407,171,-209
403,159,-233
395,127,-263
383,93,-307
343,69,-334
316,30,-334
305,-27,-337
286,-92,-314
291,-141,-297
287,-155,-261
281,-205,-233
282,-202,-228
266,-212,-180
271,-221,-159
266,-220,-112
239,-229,-103
228,-202,-50
225,-197,-37
259,-197,-21
296,-198,-12
321,-173,1
352,-168,12
378,-142,18
406,-112,6
434,-86,0
437,-83,0
445,-61,-5
455,-47,-11
444,-32,8
432,-34,24
405,-54,54
384,-74,58
345,-103,49
320,-144,44
311,-147,45
299,-153,53
295,-153,25
277,-175,7
264,-190,-22
241,-207,-61
228,-218,-92
203,-203,-140
191,-193,-183
175,-177,-199
150,-138,-248
144,-74,-286
162,-6,-312
176,62,-310
203,123,-303
207,119,-291
259,177,-251
321,203,-211
336,204,-200
361,195,-197
359,191,-199
388,192,-212
388,170,-220
375,151,-253
346,134,-292
307,83,-329
292,42,-330
250,-28,-334
239,-67,-319
227,-113,-301
227,-139,-279
227,-145,-271
213,-181,-211
208,-214,-162
223,-217,-107
228,-214,-76
230,-208,-72
258,-210,-24
295,-185,5
331,-167,11
370,-158,2
400,-132,2
425,-115,-13
421,-113,-19
444,-92,-18
451,-71,-5
441,-51,11
429,-65,23
398,-60,48
394,-75,45
370,-78,62
357,-97,63
343,-97,67
326,-92,70
310,-86,74
310,-78,88
318,-66,84
340,-74,80
351,-69,75
369,-45,71
367,-27,71
351,-13,80
351,-9,91
353,3,81
329,11,83
310,16,94
282,10,88
269,-253,99
249,-21,93
262,-38,96
252,-88,78
262,-120,80
269,-127,55
268,-158,36
263,-165,27
274,-200,-8
277,-217,-63
286,-214,-104
261,-215,-159
260,-200,-162
231,-173,-247
196,-118,-282
193,-33,-311
192,26,-318
196,50,-312
198,90,-302
191,115,-272
184,136,-264
186,152,-274
185,157,-235
166,168,-224
136,150,-202
114,124,-202
102,114,-184
67,31,-175
82,-90,-148
109,-141,-139
161,-181,-109
174,-186,-110
258,-212,-74
331,-201,-41
375,-163,-27
414,-128,-6
410,-126,-6
428,-84,18
420,-54,34
410,-64,42
398,-72,62
381,-81,57
354,-108,58
338,-130,40
336,-152,30
321,-181,1
312,-180,-2
275,-209,-63
232,-204,-128
193,-187,-191
168,-126,-244
138,-106,-248
116,10,-274
122,74,-264
137,119,-243
137,119,-200
161,173,-205
200,208,-192
235,221,-171
295,227,-145
315,233,-135
315,227,-135
338,240,-130
360,220,-142
376,218,-164
384,196,-190
399,171,-211
405,161,-231
401,145,-237
394,124,-266
401,93,-287
400,74,-294
374,4,-310
370,-6,-318
349,-53,-327
333,-95,-309
317,-131,-295
287,-151,-285
274,-164,-276
240,-178,-250
221,-183,-235
204,-190,-194
195,-195,-171
211,-201,-165
213,-195,-169
206,-196,-156
210,-216,-138
233,-225,-117
268,-226,-72
304,-208,-34
333,-193,-19
341,-169,1
367,-149,5
389,-129,19
389,-109,41
370,-110,42
370,-122,40
333,-125,45
307,-137,55
281,-147,57
275,-153,47
252,-166,10
255,-189,-21
226,-200,-44
200,-208,-80
198,-212,-118
197,-205,-171
197,-175,-253
215,-167,-267
264,-114,-328
304,-68,-350
336,-34,-348
357,-7,-331
353,253,-322
385,33,-327
404,34,-298
417,33,-291
437,25,-295
445,-1,-277
438,-18,-276
444,-36,-276
432,-48,-276
440,-78,-266
427,-107,-249
428,-124,-226
431,-125,-229
432,-128,-220
436,-128,-218
443,-117,-205
450,-116,-204
444,-120,-190
449,-131,-183
458,-124,-170
449,-135,-167
454,-133,-165
441,-145,-167
439,-147,-171
424,-150,-182
431,-153,-187
431,-163,-189
414,-170,-184
391,-177,-183
357,-199,-159
325,-221,-109
304,-228,-90
299,-223,-64
289,-217,-67
288,-206,-30
301,-183,11
301,-163,45
301,-129,51
338,-112,79
354,-74,66
371,-19,85
386,28,66
397,47,63
397,47,51
408,76,46
417,61,43
419,75,41
408,22,64
401,-29,69
402,-40,78
393,-39,75
384,-66,74
374,-58,78
374,-108,76
352,-120,58
360,-164,2
340,-198,-48
323,-205,-131
306,-180,-212
305,-169,-231
289,-113,-307
297,-7,-329
297,35,-335
316,80,-308
327,93,-309
344,128,-292
359,143,-265
365,153,-257
380,142,-262
380,121,-277
377,115,-305
347,35,-319
312,-74,-334
299,-147,-295
285,-223,-205
271,-236,-104
274,-236,-104
279,-193,-13
280,-142,42
291,-77,87
317,-23,93
330,18,104
342,32,88
355,23,91
355,13,99
358,-32,88
351,-75,85
345,-107,69
317,-175,5
306,-200,-22
277,-213,-103
262,-200,-166
241,-165,-225
249,-165,-237
234,-122,-274
231,-81,-301
240,-42,-310
241,-23,-317
248,-14,-320
249,23,-323
261,55,-317
287,77,-307
308,108,-300
326,118,-288
332,132,-284
339,119,-269
343,113,-295
320,98,-308
278,56,-322
248,18,-340
240,-4,-324
216,-54,-322
189,-109,-283
170,-156,-222
193,-195,-163
234,-218,-106
256,-220,-98
306,-204,-44
341,-193,-29
381,-165,-19
406,-142,-14
413,-149,-37
416,-148,-58
429,-149,-61
424,-160,-68
401,-167,-95
388,-180,-106
376,-184,-114
361,-195,-141
368,-200,-136
353,-203,-159
334,-204,-158
329,-213,-131
310,-214,-126
310,-216,-120
304,-220,-122
283,-215,-123
241,-209,-139
201,-199,-157
171,-169,-167
152,-160,-174
104,-118,-186
85,-79,-177
71,-23,-173
65,19,-183
69,44,-160
62,34,-160
60,62,-164
65,59,-135
48,18,-108
48,-12,-114
54,-12,-116
78,-76,-140
126,-124,-186
167,-129,-209
207,-117,-241
230,-123,-265
249,-123,-265
294,-110,-290
330,-64,-292
351,-45,-289
389,-44,-280
389,-41,-276
401,-51,-285
397,-71,-273
392,-118,-260
341,-179,-249
306,-194,-208
306,-206,-208
252,-226,-168
276,-228,-92
264,-212,-54
227,-194,-24
152,-178,-48
136,-158,-48
120,-138,-52
110,-120,-52
62,-58,-54
60,-26,-52
57,17,-43
58,58,-36
75,71,-33
82,94,4
80,92,18
84,44,30
94,18,44
93,7,43
130,-132,-26
165,-179,-113
229,-179,-207
247,-171,-243
311,-117,-293
357,-22,-314
384,16,-302
393,13,-301
392,70,-296
387,97,-277
373,113,-281
354,130,-268
353,143,-265
360,156,-246
383,141,-247
411,95,-271
457,55,-239
461,45,-231
474,0,-202
490,-20,-194
481,-49,-173
477,-77,-181
473,-77,-169
453,-127,-157
423,-153,-151
355,-199,-157
340,-210,-162
257,-217,-173
221,-203,-175
146,-159,-177
107,-125,-193
78,-108,-182
60,-32,-184
55,31,-165
74,102,-150
102,144,-136
106,150,-138
123,177,-115
142,176,-94
138,186,-60
139,179,-49
174,192,-14
166,184,6
174,178,27
162,170,38
160,166,24
163,167,25
157,169,1
151,177,-15
137,171,-37
133,169,-49
135,185,-93
124,165,-141
103,141,-169
105,137,-173
79,107,-185
67,51,-193
84,-46,-218
114,-82,-232
164,-108,-268
177,-119,-273
239,-123,-303
293,-117,-315
330,-100,-310
377,-67,-311
390,-22,-310
394,-12,-316
416,20,-294
393,63,-299
375,105,-291
371,115,-299
371,115,-287
363,153,-249
351,167,-249
388,156,-236
425,126,-208
479,85,-158
484,68,-158
495,-39,-93
476,-68,-68
456,-98,-58
431,-137,-51
431,-155,-45
397,-169,-47
388,-178,-58
369,-191,-53
383,-173,-41
418,-152,-34
452,-110,-54
456,-102,-68
488,-56,-70
492,-18,-98
484,70,-150
468,100,-170
465,147,-165
435,147,-165
440,177,-177
413,183,-166
420,180,-168
442,140,-186
465,79,-209
471,11,-219
456,-64,-218
439,-120,-216
422,-132,-212
370,-178,-194
316,-200,-188
257,-205,-173
211,-195,-177
166,-174,-194
145,-151,-201
141,-157,-203
103,-89,-207
74,-34,-210
73,17,-191
75,77,-175
87,113,-163
103,141,-165
117,167,-167
114,168,-156
147,187,-167
163,197,-189
163,199,-197
167,191,-187
167,195,-187
173,197,-187
160,188,-198
156,176,-192
133,163,-201
114,132,-194
98,101,-203
74,68,-176
66,50,-176
70,-32,-164
93,-77,-183
107,-105,-197
134,-118,-220
173,-116,-258
189,-123,-270
192,-118,-270
212,-116,-282
225,-105,-301
243,-105,-303
245,-111,-307
257,-123,-299
260,-142,-284
251,-171,-257
237,-195,-243
217,-207,-215
225,-209,-197
198,-210,-194
181,-205,-191
149,-193,-149
133,-167,-145
113,-147,-145
85,-127,-127
73,-109,-133
63,-61,-149
49,-37,-145
37,-7,-145
47,35,-137
62,72,-130
64,102,-126
86,122,-130
77,131,-139
100,126,-154
97,143,-149
91,141,-163
97,129,-161
88,108,-170
73,61,-169
73,59,-165
75,-27,-195
89,-73,-203
120,-124,-210
152,-156,-212
183,-175,-209
206,-186,-202
230,-198,-214
282,-194,-212
332,-190,-212
379,-171,-203
422,-134,-214
447,-99,-205
472,-54,-206
468,-50,-212
476,0,-216
474,22,-206
472,56,-220
477,79,-219
464,76,-222
466,68,-226
461,61,-225
474,-24,-228
443,-97,-231
395,-147,-233
345,-189,-223
339,-189,-231
273,-187,-227
231,-169,-237
205,-169,-237
173,-157,-224
135,-131,-231
143,-113,-231
97,-77,-213
66,-26,-204
63,17,-191
72,66,-188
84,104,-190
118,140,-188
162,174,-210
160,176,-206
177,189,-201
200,204,-198
214,204,-210
237,211,-213
238,204,-220
261,203,-223
265,197,-231
272,198,-244
271,191,-233
277,203,-231
273,199,-227
279,209,-233
277,205,-231
277,207,-243
276,194,-248
270,184,-248
273,191,-253
265,173,-261
241,185,-257
227,169,-253
186,156,-262
114,94,-236
77,37,-205
77,12,-208
68,8,-202
68,-56,-192
91,-111,-183
127,-155,-169
168,-184,-174
173,-178,-198
159,-169,-209
142,-160,-210
110,-96,-220
76,-88,-160
75,-67,-127
77,-101,-183
86,-102,-172
81,-111,-175
81,-103,-161
76,-72,-150
73,-95,-141
71,-107,-125
76,-104,-96
79,-105,-99
79,-99,-91
85,-109,-57
98,-116,-46
100,-120,-82
110,-144,-100
119,-165,-117
144,-182,-128
154,-195,-133
198,-210,-158
291,-221,-167
335,-207,-181
383,-193,-183
423,-149,-183
433,-123,-191
451,-97,-186
469,-91,-203
478,-62,-190
476,-44,-198
486,-40,-204
480,-68,-190
448,-138,-206
406,-186,-198
372,-206,-190
325,-219,-189
292,-212,-196
255,-213,-195
215,-195,-215
180,-170,-220
170,-166,-208
109,-129,-183
108,-136,-148
90,-120,-132
62,-82,-110
49,-51,-109
53,-25,-121
46,10,-108
58,74,-132
62,102,-142
93,137,-143
106,160,-158
130,180,-152
139,181,-157
143,195,-167
169,207,-151
177,207,-155
179,205,-163
177,201,-169
166,194,-182
163,185,-189
142,166,-200
126,122,-202
91,95,-213
87,49,-199
73,29,-199
79,-35,-185
90,-72,-190
118,-122,-174
146,-148,-172
146,-148,-172
188,-168,-188
195,-187,-177
209,-189,-169
193,-183,-155
185,-179,-155
181,-177,-157
185,-181,-161
194,-178,-158
193,-179,-163
202,-184,-198
224,-184,-220
224,-182,-206
249,-199,-219
257,-189,-219
271,-209,-213
258,-216,-202
243,-217,-193
225,-207,-187
200,-190,-192
165,-169,-217
155,-161,-209
117,-117,-211
91,-83,-213
78,-64,-204
63,-29,-187
55,-21,-189
58,22,-174
63,75,-147
72,104,-122
78,132,-132
85,145,-129
104,150,-134
106,158,-122
110,166,-106
120,172,-114
112,168,-120
113,153,-135
94,136,-150
90,118,-140
77,99,-151
61,43,-155
61,-11,-179
89,-49,-201
93,-87,-201
124,-120,-212
126,-120,-206
138,-144,-194
174,-154,-192
216,-172,-208
244,-184,-214
283,-189,-193
280,-198,-194
320,-194,-190
357,-175,-199
360,-174,-208
379,-165,-205
387,-165,-205
406,-150,-220
412,-144,-218
425,-127,-221
450,-104,-216
445,-93,-219
464,-74,-194
473,-71,-167
475,-85,-155
473,-93,-147
451,-127,-149
440,-148,-152
402,-170,-148
366,-190,-170
317,-195,-187
271,-191,-217
263,-185,-217
210,-158,-230
162,-142,-222
124,-128,-208
97,-93,-183
61,-61,-149
62,-44,-132
49,7,-105
52,54,-76
67,85,-35
96,108,-14
111,127,-15
110,128,-28
123,153,-27
128,154,-42
131,167,-57
129,183,-81
129,176,-96
134,176,-128
121,175,-135
103,143,-157
80,100,-180
66,26,-194
58,26,-210
75,-35,-215
103,-87,-213
127,-113,-213
148,-142,-206
148,-142,-210
182,-166,-204
211,-183,-195
244,-202,-194
256,-194,-182
256,-200,-164
255,-205,-167
258,-212,-136
246,-216,-118
225,-215,-87
199,-194,-48
200,-190,-7
175,-159,-5
168,-124,52
184,-106,58
201,-103,69
212,-118,74
216,-144,56
225,-153,47
259,-185,7
272,-202,-40
293,-213,-61
310,-212,-56
308,-204,-44
305,-213,-49
283,-205,-39
257,-209,-31
235,-199,-39
203,-195,-39
193,-187,-41
175,-191,-67
170,-194,-102
162,-184,-116
168,-184,-122
152,-178,-138
140,-162,-162
113,-143,-176
110,-144,-176
87,-103,-191
66,-26,-194
66,22,-190
56,62,-178
70,80,-176
68,86,-176
70,94,-134
70,106,-96
65,83,-79
55,21,-55
50,-22,-60
63,-21,-57
82,-92,-98
108,-140,-128
127,-151,-161
159,-175,-203
169,-175,-203
194,-178,-196
186,-170,-216
189,-171,-215
168,-150,-213
151,-159,-213
113,-125,-183
76,-94,-154
58,-70,-134
55,-57,-105
54,-60,-95
65,-69,-91
69,-67,-57
76,-86,-60
103,-135,-65
131,-159,-51
155,-179,-57
165,-185,-53
172,-176,-40
168,-180,-36
170,-182,-44
172,-180,-42
152,-176,-64
178,-188,-98
200,-206,-126
242,-218,-158
242,-218,-167
243,-211,-167
246,-204,-178
235,-207,-189
225,-199,-199
212,-186,-210
191,-179,-205
184,-184,-200
158,-178,-184
103,-153,-143
82,-124,-118
53,-49,-81
59,-15,-51
55,21,-35
60,62,-44
62,84,-66
69,89,-73
67,113,-95
73,105,-125
60,62,-154
68,22,-184
58,-7,-203
71,-15,-211
94,-66,-208
125,-133,-221
157,-157,-219
157,-169,-217
203,-175,-219
246,-184,-214
267,-197,-197
313,-189,-203
341,-191,-201
340,-194,-200
365,-183,-193
402,-178,-184
398,-170,-172
375,-181,-179
376,-199,-177
369,-199,-189
314,-200,-198
255,-195,-213
216,-188,-216
171,-167,-205
120,-130,-195
107,-123,-195
74,-80,-146
55,-37,-113
46,2,-80
54,38,-42
69,65,-15
97,95,-9
117,107,15
105,109,9
131,129,5
142,146,-2
154,164,-6
146,168,-22
140,186,-44
139,197,-55
149,185,-90
146,198,-74
150,186,-100
145,191,-107
138,184,-118
135,191,-119
137,191,-119
148,192,-124
159,209,-121
168,206,-136
168,205,-153
188,206,-164
188,204,-172
191,205,-189
178,192,-202
159,173,-203
135,157,-222
128,138,-222
102,70,-232
98,4,-244
122,-56,-250
143,-96,-250
140,-96,-259
184,-144,-250
220,-162,-250
254,-176,-244
293,-185,-231
338,-184,-204
348,-190,-204
384,-162,-200
425,-127,-209
447,-109,-189
464,-91,-195
474,-72,-186
470,-64,-192
472,-66,-196
471,-77,-191
465,-93,-187
438,-150,-190
438,-150,-190
374,-190,-210
322,-206,-222
270,-202,-226
270,-202,-236
229,-185,-235
220,-190,-234
227,-193,-221
226,-202,-208
226,-206,-208
195,-181,-195
184,-183,-203
183,-173,-207
169,-181,-207
158,-152,-204
120,-128,-186
102,-92,-170
84,-92,-170
50,-24,-136
40,32,-134
62,94,-112
62,94,-109
95,149,-109
124,170,-104
142,198,-98
158,196,-112
161,201,-117
158,202,-110
174,200,-88
183,215,-85
194,214,-62
200,218,-64
199,225,-63
202,224,-72
195,221,-69
206,221,-69
196,216,-72
193,219,-83
166,212,-104
151,199,-135
143,173,-143
140,178,-140
106,150,-158
86,110,-178
69,61,-201
71,51,-203
72,-10,-210
78,-52,-220
88,-52,-220
103,-95,-217
130,-122,-214
159,-147,-215
171,-145,-221
204,-168,-226
242,-180,-239
268,-182,-230
275,-179,-235
309,-179,-239
325,-173,-229
360,-178,-236
360,-158,-238
380,-154,-237
409,-133,-241
424,-118,-246
441,-83,-241
448,-76,-246
451,-69,-239
449,-76,-238
452,-78,-228
443,-115,-219
401,-167,-213
351,-195,-213
319,-205,-221
325,-209,-217
268,-206,-210
218,-194,-232
178,-162,-222
132,-130,-228
126,-114,-234
100,-86,-212
65,-55,-189
65,-15,-171
44,0,-132
46,-6,-132
52,20,-104
49,-5,-93
57,-75,-101
93,-131,-113
164,-186,-170
180,-186,-189
271,-201,-207
344,-178,-222
396,-138,-222
414,-116,-230
427,-85,-231
424,-75,-251
421,-75,-270
402,-52,-264
388,-52,-284
377,-35,-287
377,-39,-297
372,-42,-296
372,-29,-291
374,-44,-312
386,-48,-302
394,-62,-298
414,-84,-272
434,-88,-260
449,-91,-235
452,-94,-232
464,-88,-194
477,-89,-179
475,-89,-165
457,-115,-153
444,-130,-142
411,-153,-151
400,-172,-168
336,-192,-198
287,-183,-223
234,-156,-250
183,-123,-265
171,-117,-265
133,-73,-269
98,-24,-242
71,21,-215
65,53,-181
67,55,-177
70,104,-124
87,135,-97
108,160,-78
139,177,-56
146,178,-56
154,196,-60
170,198,-70
170,194,-74
169,205,-85
185,208,-104
179,207,-129
177,199,-129
171,195,-143
132,166,-162
98,130,-178
81,73,-211
84,20,-216
82,-236,-241
87,-33,-253
121,-65,-255
141,-91,-265
169,-103,-265
196,-138,-270
192,-140,-270
218,-146,-254
248,-160,-246
258,-162,-246
294,-172,-230
299,-173,-237
336,-178,-232
374,-152,-230
398,-142,-224
408,-138,-204
418,-136,-204
439,-133,-197
455,-117,-167
449,-117,-171
446,-126,-164
450,-134,-156
446,-134,-156
425,-143,-161
381,-167,-195
333,-179,-221
290,-172,-236
288,-172,-257
245,-151,-269
226,-114,-284
207,-85,-309
186,-46,-314
170,-4,-314
170,-20,-314
171,-25,-317
194,-46,-308
190,-74,-300
193,-91,-293
206,-110,-290
206,-131,-275
204,-126,-280
203,-139,-263
160,-116,-254
125,-111,-229
109,-87,-213
114,-78,-222
100,-80,-216
106,-66,-232
114,-44,-256
129,-39,-291
133,-41,-291
169,-25,-311
185,-27,-327
193,-15,-339
203,2,-342
205,-1,-340
205,9,-339
203,17,-335
205,25,-331
198,16,-328
190,-22,-320
190,-52,-314
201,-55,-309
213,-71,-315
257,-83,-311
266,-96,-308
272,-102,-310
309,-95,-309
320,-94,-298
336,-98,-300
345,-99,-293
348,-122,-284
349,-131,-281
325,-139,-285
255,-133,-297
263,-149,-301
278,-148,-284
225,-119,-287
207,-103,-295
194,-86,-290
159,-81,-287
130,-38,-278
116,-6,-258
112,6,-256
101,17,-245
114,14,-238
116,2,-234
132,-6,-254
141,-9,-263
152,-44,-270
168,-52,-288
189,-64,-300
197,-77,-302
198,-84,-318
212,-64,-314
215,-67,-323
216,-50,-334
202,-40,-328
202,-23,-329
188,-28,-324
177,-21,-315
160,-10,-312
162,-12,-296
164,-22,-290
153,-15,-289
153,-15,-289
155,-25,-279
154,-36,-266
170,-58,-262
174,-72,-258
184,-80,-258
200,-122,-248
205,-123,-239
204,-126,-230
211,-143,-231
223,-123,-237
207,-123,-233
197,-121,-245
191,-111,-259
187,-111,-271
190,-116,-278
183,-123,-279
166,-106,-282
161,-107,-281
162,-108,-290
167,-104,-284
166,-104,-277
166,-96,-280
172,-100,-274
169,-97,-289
183,-83,-293
181,-81,-299
172,-70,-294
159,-62,-290
143,-55,-287
119,-29,-271
108,-20,-252
89,-11,-237
77,11,-211
77,37,-193
59,39,-179
64,60,-142
65,83,-111
60,86,-94
73,97,-69
71,97,-67
72,92,-44
83,109,-43
92,114,-4
99,123,-5
99,121,7
104,116,6
102,100,10
87,77,17
89,67,3
89,67,-4
79,41,-7
68,50,-32
69,37,-31
63,23,-23
69,19,-33
63,1,-61
57,-19,-70
64,-52,-86
63,-69,-101
79,-77,-117
109,-123,-163
109,-123,-198
142,-146,-198
189,-145,-225
243,-153,-235
274,-154,-250
278,-152,-261
302,-154,-266
319,-145,-267
329,-143,-263
339,-127,-275
339,-127,-275
347,-115,-283
356,-122,-282
372,-128,-276
373,-121,-263
373,-121,-265
368,-118,-262
373,-116,-258
376,-116,-258
371,-113,-261
376,-108,-250
362,-110,-246
358,-110,-242
364,-104,-236
407,-107,-221
416,-108,-215
425,-115,-215
433,-105,-215
452,-88,-192
464,-66,-196
471,-69,-193
464,-66,-188
472,-70,-194
467,-65,-189
469,-63,-203
469,-63,-203
458,-68,-202
463,-55,-183
469,-59,-191
469,-61,-191
