86,-96,-164
84,-96,-162
81,-97,-165
86,-88,-162
91,-93,-157
89,-96,-158
90,-104,-163
85,-105,-163
82,-100,-168
80,-92,-166
89,-94,-168
84,-90,-168
91,-105,-163
87,-95,-163
86,-98,-164
89,-99,-165
83,-95,-163
89,-101,-163
77,-95,-165
90,-94,-158
89,-97,-165
78,-100,-156
89,-101,-161
87,-95,-157
83,-97,-155
73,-79,-161
76,-74,-156
82,-70,-164
69,-65,-179
69,-57,-177
79,-49,-179
74,-38,-184
71,-13,-199
71,5,-209
73,-17,-213
82,-44,-202
93,-57,-215
103,-65,-227
105,-87,-229
105,-107,-227
115,-99,-229
120,-112,-222
119,-123,-203
119,-133,-175
122,-150,-146
123,-153,-129
122,-146,-98
124,-142,-82
131,-147,-75
131,-137,-51
124,-138,-48
118,-138,-50
115,-119,-59
102,-112,-64
67,-67,-71
61,-7,-81
64,44,-84
59,76,-76
67,95,-79
75,111,-75
87,123,-65
83,121,-51
91,131,-47
91,123,-41
100,128,-40
99,129,-29
100,120,-24
104,120,-18
92,106,-18
75,83,-29
73,57,-23
77,19,-23
73,-41,-25
72,-66,-30
90,-86,-33
108,-106,-22
122,-124,-26
145,-151,-33
141,-151,-35
168,-180,-32
182,-188,-38
204,-192,-40
203,-197,-45
207,-193,-49
223,-201,-49
215,-201,-59
202,-206,-76
174,-196,-98
173,-193,-125
166,-200,-146
151,-187,-172
140,-166,-184
129,-149,-203
123,-131,-219
130,-114,-242
122,-108,-242
129,-93,-267
144,-70,-276
156,-72,-288
167,-79,-303
182,-86,-308
206,-96,-312
226,-112,-316
235,-115,-307
259,-123,-307
292,-128,-292
305,-141,-299
311,-141,-293
321,-145,-293
339,-137,-297
334,-136,-286
331,-137,-291
328,-132,-292
328,-134,-284
314,-124,-292
296,-110,-292
269,-107,-295
251,-108,-294
228,-116,-290
208,-106,-274
183,-103,-257
170,-98,-252
152,-104,-240
137,-109,-219
128,-112,-210
106,-96,-192
90,-86,-168
79,-79,-157
73,-63,-139
59,-31,-99
59,-37,-79
62,-26,-58
61,-3,-43
59,1,-27
69,15,-13
77,23,-7
73,41,-11
89,81,-5
96,116,-24
109,149,-41
128,158,-44
132,172,-50
148,180,-58
149,191,-69
147,185,-77
141,179,-107
122,164,-144
110,148,-146
99,127,-181
87,93,-201
74,40,-218
76,-8,-226
83,-43,-219
103,-89,-217
117,-131,-219
135,-153,-185
159,-181,-165
167,-187,-145
182,-190,-132
207,-213,-103
217,-211,-103
231,-209,-83
240,-198,-56
231,-211,-47
222,-198,-50
219,-193,-27
203,-179,-13
179,-171,-19
160,-138,-8
129,-121,-3
110,-96,-2
80,-56,10
87,-11,-3
75,31,-9
86,64,-16
87,95,-27
101,109,-43
99,129,-49
112,136,-76
106,150,-105
117,157,-121
124,166,-152
120,160,-168
130,150,-190
133,147,-199
120,144,-216
108,116,-214
114,96,-234
112,70,-250
106,24,-266
117,-3,-269
128,-40,-266
136,-94,-256
146,-122,-240
161,-141,-233
193,-183,-213
221,-197,-203
222,-206,-190
245,-209,-181
250,-216,-178
254,-222,-164
253,-223,-161
255,-221,-163
252,-224,-158
241,-211,-175
225,-217,-195
209,-205,-231
190,-172,-250
174,-146,-288
159,-107,-289
160,-62,-318
155,-29,-327
154,8,-324
162,38,-318
146,60,-300
146,76,-292
145,93,-263
135,111,-243
108,116,-220
107,101,-195
97,113,-175
75,83,-147
61,45,-113
62,0,-82
64,0,-58
70,-52,-52
78,-58,-42
90,-86,-34
92,-100,-68
92,-100,-87
82,-84,-92
85,-71,-105
83,-57,-133
71,-53,-129
73,-41,-115
77,-31,-123
75,-19,-139
66,0,-140
68,2,-132
68,9,-153
65,9,-153
73,23,-173
73,21,-173
72,26,-178
76,37,-185
69,37,-186
78,36,-184
80,32,-206
104,6,-244
119,-11,-265
126,-10,-297
148,-28,-304
171,-33,-311
170,-42,-302
166,-48,-310
169,-49,-307
152,-72,-290
136,-72,-272
135,-77,-259
117,-103,-237
106,-116,-204
89,-115,-165
97,-129,-137
95,-131,-125
95,-123,-105
88,-108,-90
79,-99,-76
90,-98,-66
90,-94,-36
93,-81,-25
94,-58,-14
96,-42,-6
86,-40,-14
96,-46,-12
98,-46,-18
102,-64,-30
99,-75,-37
101,-75,-43
104,-80,-58
108,-72,-62
99,-77,-93
102,-85,-115
101,-81,-128
105,-77,-139
100,-68,-166
98,-66,-172
91,-63,-183
91,-63,-184
91,-33,-191
97,-29,-203
100,-28,-216
103,-19,-219
96,-10,-222
95,-17,-221
101,-5,-237
99,5,-239
101,3,-247
97,-12,-244
99,-3,-239
107,-9,-239
110,-4,-244
108,-24,-246
99,-63,-235
104,-70,-228
108,-88,-222
97,-99,-213
96,-118,-200
91,-121,-179
95,-127,-165
87,-119,-137
81,-113,-119
78,-108,-94
74,-84,-82
81,-93,-59
91,-93,-46
96,-100,-34
96,-100,-26
109,-97,-17
107,-105,-25
113,-99,-30
105,-103,-39
100,-108,-52
92,-94,-68
76,-82,-88
71,-83,-119
70,-72,-126
75,-53,-157
73,-37,-173
82,40,-210
86,76,-208
100,76,-213
147,145,-227
166,160,-222
175,169,-211
186,169,-199
187,169,-210
186,170,-214
191,165,-217
199,167,-215
192,164,-222
204,164,-219
200,178,-206
189,175,-203
178,176,-198
171,175,-207
169,154,-202
138,152,-208
107,85,-221
101,47,-215
86,-20,-224
104,-95,-205
105,-117,-210
124,-140,-196
151,-169,-191
172,-182,-184
187,-201,-179
217,-211,-179
251,-221,-153
263,-221,-119
305,-219,-121
320,-212,-104
349,-209,-101
358,-196,-104
369,-197,-109
383,-179,-109
384,-192,-124
391,-183,-117
385,-187,-115
368,-200,-120
346,-212,-130
302,-206,-134
260,-218,-156
231,-215,-163
208,-202,-172
187,-189,-191
166,-170,-194
143,-149,-197
120,-122,-206
101,-87,-209
89,-59,-211
84,-20,-208
79,7,-219
84,35,-213
91,61,-205
86,74,-206
102,110,-196
117,131,-189
122,146,-186
130,162,-168
140,172,-178
164,180,-170
174,184,-164
199,203,-159
207,215,-162
226,208,-158
233,211,-161
253,217,-161
248,216,-166
241,218,-168
225,207,-171
170,184,-172
137,137,-179
104,70,-204
107,-1,-201
107,-47,-195
128,-82,-206
140,-116,-176
154,-138,-170
174,-186,-150
210,-198,-148
233,-215,-137
268,-224,-128
299,-225,-133
313,-223,-123
321,-221,-103
342,-212,-90
356,-210,-94
351,-197,-77
369,-207,-83
367,-197,-89
362,-204,-88
344,-198,-94
329,-215,-99
284,-222,-116
232,-224,-140
222,-222,-164
197,-201,-159
194,-192,-188
191,-187,-227
197,-175,-255
202,-151,-277
192,-144,-278
191,-121,-299
184,-72,-322
182,-34,-332
185,-4,-326
189,-5,-336
217,55,-327
240,70,-330
261,79,-333
273,75,-333
267,75,-328
272,58,-330
242,40,-326
227,29,-319
217,27,-319
218,20,-326
219,17,-317
227,11,-311
221,5,-307
220,0,-310
213,-23,-301
213,-23,-301
231,-43,-303
236,-50,-288
232,-52,-282
243,-73,-275
239,-109,-273
271,-145,-253
300,-150,-258
295,-167,-243
302,-174,-240
322,-166,-248
322,-180,-246
319,-183,-237
320,-190,-232
325,-193,-221
305,-179,-247
297,-169,-265
284,-160,-274
280,-140,-284
268,-144,-296
270,-138,-302
256,-130,-304
243,-109,-317
243,-85,-325
244,-50,-342
233,-49,-343
234,-26,-340
222,-12,-344
233,7,-335
233,41,-329
239,68,-322
240,76,-320
261,89,-323
263,103,-309
269,117,-301
298,116,-300
315,123,-301
331,129,-293
351,119,-301
352,122,-298
362,110,-292
375,105,-295
375,105,-295
374,90,-304
375,87,-305
347,75,-311
320,54,-330
292,12,-348
269,-19,-337
259,-57,-339
249,-73,-333
237,-95,-327
235,-115,-291
248,-134,-270
231,-152,-244
227,-159,-214
235,-171,-191
237,-193,-173
244,-200,-132
239,-207,-121
248,-212,-84
272,-210,-74
273,-195,-51
298,-198,-32
319,-195,-29
320,-182,-12
325,-179,-11
331,-179,-17
331,-191,-27
296,-204,-38
274,-212,-66
251,-217,-89
212,-212,-106
167,-189,-117
133,-165,-133
125,-151,-147
103,-105,-157
76,-80,-152
70,-50,-162
70,0,-162
73,49,-175
90,80,-185
95,109,-177
109,143,-159
126,158,-158
162,176,-158
162,195,-155
181,195,-155
210,210,-154
251,225,-167
284,212,-188
316,196,-196
338,182,-226
351,151,-249
361,131,-267
349,83,-295
344,42,-318
334,4,-322
317,-45,-325
314,-88,-318
298,-104,-310
297,-113,-295
299,-153,-271
294,-158,-262
274,-172,-246
270,-184,-234
256,-180,-214
243,-186,-206
217,-183,-179
192,-178,-164
194,-192,-142
174,-180,-136
158,-166,-132
152,-190,-123
163,-185,-117
148,-182,-124
156,-178,-120
156,-176,-106
156,-161,-123
137,-161,-123
110,-132,-166
95,-103,-177
85,-55,-197
77,-39,-203
84,-4,-222
88,28,-218
90,44,-222
96,84,-216
103,109,-217
125,135,-201
127,145,-209
155,161,-203
183,187,-203
226,194,-208
255,207,-201
271,217,-201
299,207,-193
320,214,-188
333,217,-161
345,219,-165
352,220,-174
356,208,-196
339,193,-235
315,151,-279
296,87,-319
274,38,-334
260,4,-338
239,-47,-319
229,-79,-307
214,-110,-294
201,-119,-277
199,-133,-267
202,-150,-258
202,-164,-232
213,-181,-221
220,-188,-200
225,-197,-185
232,-212,-166
237,-209,-153
240,-214,-152
232,-218,-142
246,-212,-146
224,-214,-170
192,-198,-178
162,-152,-218
112,-84,-240
93,-15,-235
106,50,-240
124,110,-222
150,136,-224
184,166,-232
184,166,-217
213,189,-211
252,200,-206
287,203,-213
313,203,-217
323,199,-213
341,191,-219
350,160,-238
363,155,-249
361,109,-301
359,55,-307
362,34,-316
370,-4,-314
374,-42,-314
379,-67,-313
383,-105,-299
393,-113,-287
395,-115,-271
405,-121,-259
400,-136,-244
390,-124,-258
390,-124,-274
365,-133,-267
352,-128,-280
322,-128,-294
305,-119,-293
269,-133,-289
245,-119,-289
218,-116,-288
205,-117,-271
159,-89,-263
160,-90,-256
142,-96,-252
120,-62,-228
113,-55,-215
97,-65,-209
89,-39,-199
78,-26,-181
76,-18,-176
70,32,-158
74,80,-134
96,134,-108
96,134,-84
124,164,-70
136,180,-48
154,174,-26
159,185,-7
170,182,12
182,182,32
198,178,44
208,184,48
218,182,60
232,176,62
242,178,66
236,176,66
224,162,58
207,165,47
167,163,13
109,141,-17
81,113,-91
73,83,-139
73,43,-201
107,15,-251
132,-22,-268
148,-42,-282
164,-88,-290
191,-105,-299
208,-122,-288
234,-134,-280
230,-160,-272
241,-171,-247
252,-188,-236
269,-190,-224
271,-197,-217
279,-211,-203
269,-213,-195
274,-224,-180
265,-219,-181
261,-227,-167
254,-234,-168
247,-227,-177
238,-234,-180
237,-229,-183
228,-224,-182
210,-216,-188
202,-218,-202
190,-200,-202
172,-188,-218
149,-171,-235
132,-160,-258
142,-132,-272
138,-108,-280
142,-68,-292
148,-38,-316
163,-37,-327
179,-1,-329
206,34,-338
218,74,-328
232,120,-298
257,163,-275
287,191,-235
305,211,-195
313,223,-163
341,225,-121
332,226,-80
351,229,-51
373,209,-25
370,206,-22
360,204,-10
359,201,29
335,181,43
303,189,53
278,190,58
246,182,62
229,185,58
199,173,67
153,157,47
131,123,31
107,109,3
85,69,-7
66,32,-8
66,-224,-42
75,-73,-97
95,-115,-111
105,-123,-123
129,-163,-147
157,-167,-147
154,-170,-152
168,-180,-146
173,-183,-153
163,-183,-157
163,-183,-163
158,-180,-158
155,-169,-165
148,-164,-186
151,-153,-203
157,-147,-207
178,-152,-228
198,-160,-238
214,-144,-258
235,-149,-265
233,-149,-279
229,-157,-281
230,-140,-292
227,-137,-305
223,-121,-311
204,-76,-328
195,-43,-327
181,-3,-329
175,1,-313
166,44,-312
157,79,-293
163,127,-249
157,157,-229
150,162,-208
155,193,-171
159,195,-126
138,194,-84
125,185,-61
134,168,-54
117,157,-31
110,120,-10
93,89,-23
70,50,-20
65,1,-37
75,-43,-55
80,-82,-78
96,-112,-98
120,-144,-108
142,-166,-130
161,-191,-139
189,-185,-151
213,-199,-159
219,-195,-173
225,-199,-183
228,-192,-198
234,-194,-216
228,-184,-222
234,-180,-240
215,-155,-263
199,-135,-283
176,-100,-284
160,-58,-298
139,-31,-291
133,13,-271
106,46,-258
116,94,-240
118,114,-202
106,132,-182
118,154,-160
143,181,-133
153,199,-99
180,220,-78
175,211,-51
155,181,-29
139,173,-29
133,159,-23
111,127,-9
90,100,-10
73,57,-21
69,19,-15
75,-21,-35
77,-53,-43
85,-79,-57
110,-128,-102
111,-148,-120
131,-159,-148
152,-172,-140
167,-189,-151
203,-189,-163
209,-206,-170
221,-205,-189
235,-201,-193
246,-204,-204
259,-201,-203
253,-197,-215
250,-190,-218
245,-187,-233
249,-177,-221
235,-181,-237
233,-181,-245
210,-170,-250
183,-147,-269
156,-110,-258
125,-85,-263
116,-60,-246
94,-18,-226
86,14,-214
74,40,-192
66,54,-172
71,95,-149
77,113,-111
76,112,-98
80,114,-80
83,117,-67
81,89,-55
73,87,-47
66,60,-44
60,28,-58
55,-7,-81
66,-32,-98
60,-54,-102
79,-83,-129
79,-93,-152
92,-120,-152
108,-136,-166
135,-149,-179
158,-158,-224
169,-161,-228
185,-169,-243
202,-166,-246
200,-168,-248
210,-174,-258
211,-167,-259
208,-164,-260
211,-173,-265
204,-160,-254
184,-150,-264
167,-141,-261
148,-114,-256
113,-83,-239
100,-60,-228
88,-42,-216
83,-27,-187
67,-7,-185
62,28,-158
61,69,-133
72,88,-110
72,106,-94
86,126,-82
94,134,-70
92,132,-58
84,120,-52
85,113,-57
83,101,-51
57,83,-57
61,53,-57
62,24,-66
58,-10,-82
62,-30,-98
66,-54,-112
85,-89,-129
93,-113,-155
125,-137,-169
156,-170,-194
171,-167,-215
203,-183,-223
227,-185,-245
251,-187,-253
271,-185,-251
280,-190,-244
285,-191,-247
284,-184,-240
272,-182,-246
265,-181,-259
234,-180,-256
200,-150,-270
162,-120,-260
141,-95,-247
114,-58,-232
85,-45,-217
66,18,-178
73,57,-155
65,71,-123
78,112,-96
100,138,-80
119,161,-55
134,170,-36
126,170,-24
132,154,-16
135,153,-11
123,139,-9
103,125,-13
97,113,-5
74,80,-28
74,60,-26
63,45,-47
61,9,-67
58,-6,-74
54,-56,-98
71,-91,-125
121,-139,-175
133,-155,-195
160,-162,-210
190,-178,-210
227,-187,-237
235,-187,-233
238,-185,-247
258,-190,-246
274,-190,-246
290,-200,-240
298,-202,-246
313,-191,-231
308,-200,-232
318,-192,-224
311,-195,-223
302,-198,-218
310,-194,-238
292,-198,-240
270,-190,-248
261,-185,-257
233,-179,-259
210,-148,-274
188,-116,-282
160,-92,-284
132,-50,-276
106,4,-264
104,42,-244
81,65,-213
97,107,-185
102,142,-148
118,176,-96
150,198,-80
166,200,-60
189,203,-33
182,200,-26
174,190,-14
175,181,-5
145,165,-7
120,142,-14
90,106,-18
60,42,-48
54,-4,-82
56,-48,-104
68,-80,-120
84,-108,-144
122,-144,-180
141,-165,-183
175,-183,-201
190,-184,-198
190,-184,-212
228,-196,-214
243,-199,-227
259,-193,-233
258,-190,-250
261,-184,-260
270,-184,-268
258,-174,-272
256,-180,-270
247,-173,-271
234,-172,-282
219,-159,-275
194,-148,-296
173,-121,-299
153,-91,-289
139,-53,-293
118,-20,-286
114,30,-262
113,65,-255
105,83,-243
106,108,-228
129,139,-217
147,187,-189
190,210,-152
222,230,-126
243,231,-113
276,238,-106
280,230,-86
288,228,-74
295,229,-63
296,230,-44
258,228,-38
207,219,-37
164,196,-50
121,161,-63
87,119,-91
64,66,-122
68,20,-146
67,-13,-143
80,-48,-156
99,-93,-165
113,-107,-165
135,-133,-159
137,-145,-165
134,-152,-174
135,-147,-173
145,-143,-189
137,-131,-197
120,-104,-200
110,-90,-198
93,-43,-209
80,0,-218
85,37,-213
86,84,-214
99,127,-203
123,145,-183
126,167,-163
150,184,-170
172,198,-152
168,208,-148
184,212,-136
230,230,-122
248,222,-100
268,230,-86
295,225,-79
317,223,-73
325,219,-73
336,206,-66
337,197,-65
351,193,-63
355,181,-65
358,176,-72
358,183,-73
362,176,-58
372,180,-56
359,183,-53
363,173,-53
365,189,-47
373,185,-47
362,180,-52
351,189,-47
322,208,-54
303,215,-61
280,226,-76
280,226,-76
238,230,-82
179,209,-135
143,189,-151
120,158,-156
101,111,-173
84,68,-178
85,13,-189
88,-16,-214
103,-49,-213
108,-72,-216
104,-80,-220
118,-97,-223
128,-102,-232
126,-104,-234
125,-105,-229
109,-91,-231
104,-80,-220
92,-56,-214
66,-28,-194
50,-6,-170
43,5,-147
42,32,-132
42,72,-126
70,124,-108
95,159,-103
115,183,-109
148,208,-104
191,225,-113
207,235,-121
221,235,-133
240,228,-140
250,234,-150
239,227,-151
221,233,-139
200,224,-130
174,204,-112
138,190,-110
111,157,-89
86,118,-82
70,84,-70
64,36,-44
72,-22,-50
84,-54,-44
91,-77,-35
105,-111,-41
123,-129,-43
133,-147,-31
158,-162,-42
177,-167,-45
187,-175,-43
201,-199,-45
203,-193,-55
223,-201,-63
231,-201,-69
219,-207,-75
195,-205,-93
174,-198,-110
157,-183,-127
136,-166,-146
114,-142,-168
93,-119,-187
77,-97,-189
62,-52,-192
55,-5,-185
63,43,-187
58,80,-182
92,138,-168
123,173,-153
157,197,-135
193,227,-129
242,232,-110
272,238,-90
301,239,-77
319,235,-69
330,226,-62
330,213,-37
339,209,-21
342,194,-10
340,190,-12
350,178,10
347,172,10
351,173,9
363,163,11
360,156,14
380,136,14
381,145,17
375,145,18
390,132,16
400,126,28
408,126,12
413,127,-1
404,134,2
416,120,-4
425,129,-15
430,136,-24
440,138,-22
433,143,-25
433,145,-29
432,158,-26
427,159,-33
427,179,-31
423,175,-31
417,175,-35
400,194,-46
389,219,-47
344,244,-70
287,249,-107
211,229,-149
160,196,-166
142,176,-162
107,129,-171
90,54,-192
84,18,-198
89,-41,-203
104,-74,-202
110,-110,-204
133,-147,-191
165,-163,-197
179,-185,-193
186,-182,-200
202,-196,-208
223,-203,-215
223,-203,-215
203,-193,-229
199,-189,-235
201,-179,-239
181,-171,-237
174,-156,-252
153,-145,-249
139,-119,-255
112,-52,-250
101,13,-267
93,51,-251
107,77,-247
108,116,-222
124,134,-218
139,129,-219
128,114,-232
114,92,-252
103,39,-259
100,-10,-262
118,-46,-250
131,-83,-245
124,-106,-234
137,-113,-227
144,-132,-226
159,-147,-221
170,-156,-224
179,-157,-223
185,-159,-223
190,-164,-226
198,-178,-234
193,-167,-235
191,-173,-219
187,-177,-239
185,-173,-231
184,-170,-230
181,-173,-233
182,-176,-228
198,-184,-228
191,-187,-229
181,-183,-227
191,-175,-217
181,-175,-221
164,-160,-222
135,-127,-213
119,-105,-211
101,-79,-215
83,-47,-199
87,-35,-199
72,-14,-196
66,8,-184
67,21,-177
71,31,-177
81,63,-171
80,78,-168
80,84,-172
86,84,-172
86,96,-168
84,104,-174
91,91,-173
78,100,-174
85,117,-159
86,128,-138
93,141,-133
109,161,-119
141,195,-109
178,220,-100
214,226,-88
242,230,-74
290,232,-84
320,228,-94
329,225,-105
364,220,-124
382,210,-132
392,196,-146
402,190,-140
397,179,-169
405,173,-175
408,180,-174
380,176,-204
340,186,-228
329,191,-243
271,179,-251
239,161,-267
192,146,-262
177,121,-267
143,81,-281
139,47,-273
128,-14,-274
125,-43,-269
142,-82,-268
146,-102,-262
165,-137,-259
165,-143,-265
182,-148,-256
182,-164,-254
196,-160,-252
197,-165,-253
201,-167,-247
202,-172,-244
194,-164,-246
172,-162,-252
158,-134,-252
147,-131,-251
142,-122,-252
130,-114,-246
138,-110,-254
131,-109,-247
124,-84,-254
117,-81,-243
97,-91,-217
98,-98,-192
74,-56,-152
63,-37,-111
58,-24,-94
49,-11,-75
62,16,-44
65,11,-45
68,26,-26
76,26,-20
67,19,-13
68,8,-10
66,-22,-42
73,-57,-63
80,-100,-106
106,-132,-130
102,-146,-148
130,-140,-184
152,-124,-254
164,-97,-285
199,-107,-305
207,-105,-319
209,-105,-303
200,-96,-310
209,-106,-314
204,-76,-314
174,-62,-324
141,-23,-287
100,34,-238
70,44,-192
67,41,-170
68,54,-142
58,30,-128
64,6,-120
60,-8,-102
57,-5,-107
67,-23,-95
67,-41,-95
66,-52,-82
73,-51,-83
64,-72,-104
78,-76,-114
95,-101,-139
104,-114,-186
132,-114,-220
163,-123,-247
169,-129,-251
176,-138,-270
191,-129,-281
203,-125,-293
207,-123,-293
206,-114,-310
209,-109,-304
205,-109,-321
198,-98,-324
187,-83,-327
186,-62,-326
172,-52,-316
116,-36,-264
110,-29,-247
93,-31,-237
80,-24,-208
71,-33,-181
70,-36,-154
59,-43,-127
64,-52,-108
60,-58,-96
69,-67,-93
79,-79,-81
77,-83,-73
77,-79,-95
79,-77,-91
88,-94,-120
90,-90,-159
118,-102,-194
151,-107,-231
150,-116,-244
172,-122,-254
174,-118,-258
192,-122,-274
193,-117,-283
193,-113,-293
206,-108,-300
207,-107,-299
200,-116,-306
208,-104,-312
199,-99,-313
158,-86,-280
119,-77,-251
115,-79,-239
91,-71,-219
72,-60,-192
63,-59,-167
55,-33,-139
55,-27,-115
54,-44,-106
61,-33,-79
58,-40,-64
70,-50,-50
64,-48,-36
71,-59,-41
70,-64,-48
74,-70,-60
72,-79,-95
81,-75,-123
90,-84,-154
115,-83,-191
142,-94,-238
156,-90,-258
172,-100,-283
197,-83,-297
210,-92,-302
221,-85,-317
228,-82,-332
229,-53,-335
220,-46,-338
223,-19,-331
194,50,-318
188,112,-286
191,143,-259
184,160,-237
202,182,-224
204,212,-184
201,215,-163
189,217,-129
194,215,-113
198,224,-92
181,215,-73
168,200,-62
156,186,-54
125,157,-59
97,135,-63
77,95,-95
74,18,-124
78,-14,-138
110,-80,-160
142,-120,-198
179,-137,-207
190,-142,-222
203,-139,-235
223,-155,-221
212,-164,-226
239,-179,-215
240,-192,-206
261,-201,-185
274,-196,-180
298,-206,-178
303,-203,-187
310,-208,-184
308,-204,-188
314,-208,-192
324,-200,-212
321,-199,-215
328,-198,-218
338,-188,-234
344,-180,-242
329,-187,-247
322,-170,-258
317,-171,-275
317,-163,-275
308,-160,-298
299,-145,-307
294,-148,-320
281,-133,-327
265,-125,-335
255,-105,-337
237,-91,-337
217,-71,-337
193,-47,-335
182,-26,-324
170,0,-328
159,39,-307
158,74,-294
152,114,-272
171,147,-233
183,187,-205
195,201,-195
227,217,-157
257,229,-137
275,233,-99
303,231,-86
329,225,-89
373,211,-69
381,205,-59
394,170,-52
396,168,-44
398,163,-29
400,152,-28
396,138,-10
383,133,11
374,106,32
360,104,56
356,100,56
356,99,69
338,98,75
313,107,75
308,104,78
288,116,82
268,126,86
272,125,81
267,129,81
253,133,81
237,135,71
213,155,53
219,159,47
204,184,10
189,203,-35
152,202,-77
140,188,-112
125,159,-163
109,137,-211
104,98,-220
115,53,-267
122,23,-281
124,4,-292
141,-37,-297
150,-62,-304
166,-76,-286
170,-94,-288
186,-102,-288
204,-110,-294
193,-95,-293
208,-76,-302
199,-41,-297
195,9,-305
196,38,-308
212,94,-294
227,139,-259
253,169,-241
258,184,-218
296,206,-186
311,217,-159
322,218,-142
344,222,-110
343,219,-87
352,208,-64
378,198,-32
393,183,-5
395,169,9
417,143,29
413,127,25
418,118,52
415,111,53
408,102,50
416,90,62
400,84,62
402,100,60
397,97,51
395,111,47
382,128,46
368,172,0
356,208,-38
315,225,-85
295,233,-135
270,221,-181
258,218,-214
237,193,-241
235,139,-299
227,95,-311
232,46,-342
248,2,-350
235,-27,-343
245,-53,-337
232,-64,-332
240,-40,-330
220,-22,-326
205,33,-313
204,98,-284
238,174,-232
286,192,-208
324,212,-170
352,210,-142
374,216,-68
377,193,-47
377,194,-16
396,178,10
401,159,19
403,135,45
408,128,50
406,116,50
395,113,53
396,95,67
396,78,66
389,71,67
373,53,69
359,59,59
363,55,59
356,42,44
354,45,39
363,41,39
365,31,37
361,37,35
370,44,40
381,65,37
379,75,25
369,85,14
376,138,-8
376,202,-54
350,220,-102
329,217,-151
319,207,-209
297,178,-270
285,179,-311
280,126,-310
254,106,-326
257,67,-327
255,33,-337
242,-4,-330
235,-59,-317
227,-65,-317
214,-86,-304
202,-88,-296
203,-101,-293
181,-105,-261
168,-102,-259
158,-96,-256
153,-91,-243
127,-77,-241
127,-63,-245
107,-37,-228
92,6,-226
79,39,-203
79,83,-181
95,119,-159
99,147,-113
104,154,-102
124,172,-68
173,185,-13
201,179,37
200,161,57
211,159,61
189,139,59
151,105,65
132,78,60
132,58,58
113,31,61
112,20,50
110,8,48
96,-22,16
93,-23,5
82,-56,-30
85,-104,-90
112,-136,-120
150,-160,-174
181,-169,-181
213,-191,-193
211,-195,-184
235,-201,-179
243,-209,-175
256,-212,-172
267,-217,-155
265,-221,-157
273,-219,-145
261,-225,-139
265,-219,-147
275,-221,-157
269,-217,-157
264,-220,-190
269,-215,-219
257,-195,-227
237,-183,-255
237,-183,-253
224,-164,-276
204,-142,-288
202,-104,-314
185,-87,-317
182,-52,-322
185,7,-323
175,51,-315
178,98,-290
184,102,-261
185,149,-249
197,185,-217
216,202,-184
233,223,-141
255,217,-101
277,225,-63
278,224,-48
297,201,-7
331,177,17
337,163,33
354,144,30
375,117,29
377,125,37
377,110,22
386,110,22
389,107,11
393,113,-9
376,120,-28
387,129,-29
381,135,-27
387,151,-27
389,163,-51
371,195,-57
357,207,-71
322,232,-86
293,233,-97
253,235,-105
211,231,-117
188,222,-118
156,198,-134
122,166,-152
107,137,-185
102,120,-209
93,65,-223
90,26,-244
111,3,-275
140,-20,-288
161,-40,-308
186,-60,-314
199,-75,-315
238,-96,-320
246,-90,-316
280,-112,-324
306,-116,-314
319,-117,-317
331,-125,-311
337,-117,-311
350,-116,-310
339,-113,-321
320,-76,-340
280,-50,-350
252,-18,-358
216,12,-342
188,-4,-328
183,-33,-315
180,-50,-320
168,-42,-310
163,-9,-315
175,-5,-309
175,-3,-305
169,1,-315
152,18,-298
147,39,-283
136,52,-280
112,76,-230
90,102,-188
89,117,-137
87,139,-101
98,138,-82
113,148,-32
111,149,-37
133,155,-17
156,156,12
169,155,25
176,153,41
185,149,42
187,153,39
166,152,16
122,146,-14
109,122,-32
94,112,-40
84,80,-52
72,64,-66
66,26,-86
65,-1,-97
63,-37,-136
85,-85,-169
118,-130,-192
136,-136,-204
149,-149,-223
171,-165,-237
190,-180,-220
198,-186,-234
201,-181,-239
197,-173,-249
181,-171,-243
172,-170,-242
160,-150,-236
148,-138,-230
127,-131,-225
111,-123,-219
117,-105,-221
96,-94,-206
87,-81,-191
80,-58,-180
83,-53,-187
87,-45,-171
79,-41,-169
74,-38,-170
88,-30,-166
78,-22,-176
75,-5,-161
78,14,-166
86,12,-152
85,17,-163
98,22,-140
85,27,-147
94,18,-140
92,22,-148
85,35,-141
82,38,-150
64,32,-150
64,22,-166
66,20,-174
63,15,-171
68,-8,-176
68,-14,-188
70,-19,-191
69,-31,-197
85,-49,-197
77,-53,-195
92,-56,-200
89,-59,-219
84,-54,-222
94,-40,-228
95,-35,-243
100,-32,-254
102,-34,-246
110,-46,-252
111,-65,-257
123,-83,-255
132,-86,-254
122,-106,-250
120,-112,-242
132,-114,-236
129,-117,-237
128,-116,-232
108,-108,-226
99,-101,-229
99,-101,-216
91,-55,-219
87,-39,-233
89,-3,-243
92,24,-246
111,67,-241
128,114,-238
154,144,-230
181,175,-213
214,202,-176
240,214,-150
263,217,-123
280,216,-106
301,215,-95
302,204,-90
308,198,-86
320,190,-96
317,187,-99
314,184,-94
318,180,-98
315,185,-99
314,202,-100
308,218,-102
279,227,-133
244,234,-160
207,213,-175
166,187,-183
131,163,-185
92,124,-192
82,76,-180
67,61,-189
60,6,-178
68,-32,-180
84,-58,-182
86,-94,-178
110,-112,-196
123,-135,-199
144,-136,-210
160,-156,-217
184,-168,-218
205,-167,-225
237,-181,-239
491,-186,-242
277,-197,-233
303,-207,-219
324,-202,-210
325,-209,-187
325,-213,-193
328,-216,-180
321,-221,-189
299,-217,-207
264,-216,-230
258,-202,-240
263,-185,-263
249,-171,-281
259,-161,-287
253,-127,-319
253,-103,-331
236,-70,-336
234,-28,-346
214,40,-338
221,85,-317
229,127,-297
233,169,-251
245,189,-204
258,206,-190
269,225,-147
289,227,-105
309,229,-59
309,209,-21
321,209,-21
338,186,-10
344,162,16
358,140,14
360,130,20
368,106,18
380,94,16
379,95,11
381,85,1
399,99,-9
409,103,-15
413,113,-13
412,142,-34
413,163,-47
394,184,-72
362,218,-108
315,239,-139
277,241,-155
239,219,-177
209,201,-185
175,191,-199
143,177,-199
121,151,-199
113,121,-205
90,84,-218
82,58,-224
88,22,-232
94,-8,-238
104,-40,-248
111,-61,-243
125,-85,-253
145,-97,-253
163,-131,-255
178,-138,-260
198,-156,-256
225,-183,-237
236,-186,-232
240,-186,-226
258,-208,-212
264,-206,-212
252,-216,-210
243,-209,-221
232,-208,-228
232,-208,-228
212,-180,-246
215,-181,-266
195,-143,-277
185,-135,-295
194,-104,-296
189,-79,-315
183,-39,-321
180,-22,-316
178,28,-324
168,54,-302
161,99,-287
170,144,-262
189,165,-239
203,189,-217
222,206,-198
243,213,-181
257,227,-159
265,229,-159
286,228,-128
296,228,-132
291,227,-107
301,233,-83
306,234,-70
316,224,-50
339,209,-23
359,175,5
387,171,7
389,145,9
399,133,13
404,112,14
420,100,2
410,94,-6
417,91,-15
415,85,-25
410,94,-24
425,93,-33
427,151,-61
415,184,-96
392,210,-121
354,222,-136
308,228,-154
263,225,-175
226,212,-188
192,198,-222
161,169,-219
136,136,-222
120,96,-234
95,35,-239
88,5,-237
102,-16,-238
106,-50,-226
135,-95,-241
152,-120,-234
163,-147,-227
187,-151,-231
189,-151,-231
223,-163,-241
241,-171,-243
235,-181,-243
241,-185,-245
238,-164,-250
224,-170,-262
205,-145,-261
189,-111,-275
180,-83,-275
154,-84,-272
136,-52,-278
128,28,-258
119,63,-259
124,99,-233
122,106,-217
135,151,-217
141,179,-183
165,197,-147
180,206,-122
180,216,-101
187,217,-103
191,207,-71
200,210,-36
189,201,-23
201,194,-2
205,179,31
225,183,29
240,178,44
256,180,44
272,167,45
285,171,47
306,166,48
341,155,33
357,163,37
357,150,26
374,146,16
382,148,-2
389,145,-17
393,147,-27
389,159,-39
394,162,-59
371,185,-55
342,202,-76
332,214,-90
306,224,-98
278,238,-116
254,228,-124
202,220,-154
161,203,-163
131,169,-169
107,139,-185
92,86,-206
78,66,-204
83,15,-223
99,-23,-231
110,-66,-240
126,-84,-246
149,-97,-247
170,-112,-258
181,-129,-261
197,-141,-265
218,-152,-260
213,-157,-249
215,-155,-245
209,-165,-237
193,-159,-235
193,-149,-231
157,-135,-239
144,-116,-236
119,-85,-243
112,-36,-246
118,8,-252
114,42,-262
121,65,-253
122,98,-244
139,129,-243
159,151,-235
178,166,-238
208,194,-218
232,202,-200
273,215,-181
293,221,-155
315,229,-123
342,224,-104
357,209,-67
384,198,-46
390,194,-40
404,178,-28
403,155,-7
413,137,-11
422,124,-2
414,118,-20
427,105,-5
422,106,-8
426,104,-16
423,93,-21
430,100,-36
438,112,-30
435,125,-47
431,159,-67
423,159,-81
413,183,-103
370,212,-130
342,220,-152
303,239,-165
270,234,-168
237,223,-183
208,212,-190
171,172,-206
152,168,-215
124,136,-222
103,65,-243
96,8,-254
104,-22,-248
111,-33,-256
137,-87,-253
162,-112,-254
184,-130,-254
206,-136,-258
207,-143,-251
221,-147,-253
226,-142,-258
221,-143,-259
227,-123,-269
217,-123,-275
216,-104,-282
201,-95,-287
201,-75,-297
183,-39,-303
177,-5,-301
172,14,-308
175,51,-301
176,68,-298
173,107,-281
183,119,-271
182,137,-263
203,165,-253
202,164,-238
207,187,-209
212,200,-190
224,219,-155
237,219,-145
250,232,-136
276,236,-102
297,227,-71
318,222,-54
338,212,-43
359,195,-33
378,184,-32
389,163,-23
385,149,-23
396,144,-20
406,140,-18
414,134,-34
416,134,-28
432,140,-30
427,157,-57
432,168,-64
412,190,-84
380,224,-110
343,235,-135
307,230,-148
279,235,-157
236,224,-166
201,217,-179
178,204,-186
147,175,-191
125,141,-207
107,103,-215
85,59,-219
85,33,-223
83,-17,-225
93,-49,-213
108,-78,-212
127,-85,-213
137,-117,-213
155,-125,-217
166,-128,-226
182,-144,-247
190,-126,-250
192,-110,-260
192,-100,-266
187,-85,-271
195,-85,-271
185,-79,-271
154,-62,-268
145,-55,-251
125,-25,-255
111,-253,-233
101,25,-231
93,51,-211
95,93,-195
105,111,-189
115,131,-187
131,147,-179
153,175,-165
170,182,-162
179,199,-161
196,204,-156
214,206,-156
235,217,-147
259,227,-151
271,227,-149
301,227,-143
314,224,-126
339,213,-115
351,201,-109
384,186,-92
402,156,-72
428,130,-72
431,107,-61
442,102,-72
444,80,-68
464,60,-60
456,62,-74
468,48,-80
474,44,-90
465,39,-91
473,51,-89
481,51,-103
470,50,-102
477,41,-105
488,54,-110
483,49,-125
490,70,-146
478,76,-156
475,93,-167
461,103,-181
455,113,-195
438,124,-202
410,146,-228
390,156,-228
381,171,-225
331,179,-235
303,183,-239
298,186,-236
260,180,-240
233,175,-233
192,168,-240
176,146,-238
157,145,-235
131,113,-231
125,107,-227
121,77,-221
104,58,-218
92,42,-212
83,21,-201
87,-9,-211
93,-49,-213
104,-66,-202
121,-101,-203
138,-116,-222
151,-131,-211
157,-140,-208
169,-137,-201
174,-144,-206
187,-143,-211
187,-139,-199
198,-140,-220
213,-145,-227
218,-156,-214
238,-160,-216
272,-158,-224
291,-171,-227
316,-176,-216
331,-179,-219
332,-174,-220
341,-175,-197
345,-191,-203
351,-191,-185
344,-194,-184
343,-189,-185
330,-192,-194
306,-188,-210
281,-181,-227
251,-159,-251
221,-147,-273
214,-124,-284
199,-99,-295
191,-85,-309
177,-51,-311
181,-27,-315
168,8,-314
161,39,-307
151,71,-291
149,101,-271
158,142,-252
166,170,-226
195,187,-207
215,199,-187
237,221,-165
278,230,-140
305,231,-113
325,229,-85
329,221,-69
364,208,-50
376,196,-46
399,173,-43
401,179,-51
415,165,-45
427,153,-59
421,161,-61
425,151,-79
430,134,-90
428,134,-100
423,133,-117
414,140,-114
403,155,-111
399,170,-136
364,196,-146
330,206,-152
278,214,-160
219,203,-187
181,185,-193
151,165,-199
132,154,-200
109,107,-197
94,96,-196
91,79,-193
79,25,-203
82,-6,-198
101,-57,-193
110,-98,-202
135,-129,-199
155,-149,-213
192,-170,-216
206,-176,-208
238,-190,-218
247,-195,-212
270,-196,-218
303,-201,-211
315,-199,-219
306,-191,-223
305,-193,-248
287,-187,-255
261,-169,-263
255,-167,-269
245,-157,-275
224,-146,-284
204,-136,-286
190,-100,-292
162,-74,-288
151,-57,-275
139,-41,-269
128,-10,-280
119,25,-271
115,69,-241
124,94,-236
119,115,-219
125,129,-212
122,146,-178
110,150,-144
95,135,-109
91,125,-91
89,105,-73
78,96,-48
73,71,-49
68,52,-36
68,38,-30
66,12,-28
79,-9,-41
64,-30,-46
70,-40,-54
77,-87,-101
94,-114,-146
103,-131,-151
124,-142,-170
156,-164,-202
178,-168,-218
200,-160,-252
197,-143,-275
213,-135,-287
226,-144,-294
239,-149,-291
238,-146,-286
237,-147,-295
241,-138,-304
225,-133,-311
206,-116,-314
178,-84,-312
129,15,-293
115,79,-249
108,112,-192
82,124,-125
95,123,-81
87,125,-37
96,92,-10
82,72,-4
77,57,-5
74,22,0
72,2,-8
71,-21,-19
68,-36,-30
71,-53,-47
73,-93,-79
99,-119,-115
130,-156,-158
145,-169,-177
176,-182,-194
196,-186,-204
209,-189,-217
242,-188,-248
243,-175,-255
253,-175,-261
258,-180,-264
260,-168,-274
245,-161,-287
239,-151,-309
222,-134,-304
197,-107,-315
175,-67,-311
145,-47,-301
130,-14,-284
96,46,-232
91,89,-187
89,117,-145
98,154,-84
130,170,-29
183,195,-17
230,190,20
286,180,38
314,176,50
335,156,50
348,150,43
363,143,49
374,138,34
389,133,21
387,141,5
379,137,-1
385,137,-23
384,152,-40
379,153,-43
384,164,-64
370,162,-72
375,171,-89
373,179,-109
355,211,-113
323,205,-121
292,224,-150
255,221,-163
211,211,-169
166,188,-176
146,176,-176
117,153,-171
90,114,-178
75,81,-177
62,54,-168
58,38,-186
61,1,-187
77,-29,-203
91,-39,-225
113,-79,-225
149,-103,-247
174,-122,-268
199,-133,-269
223,-150,-270
253,-157,-267
283,-163,-265
289,-179,-249
300,-188,-234
316,-194,-230
321,-201,-219
336,-196,-206
332,-202,-200
329,-203,-207
315,-209,-233
310,-208,-246
305,-193,-253
300,-183,-271
291,-189,-267
276,-174,-282
256,-146,-302
236,-124,-308
204,-92,-324
179,-55,-315
145,11,-289
117,39,-224
95,67,-209
75,83,-181
70,90,-158
77,103,-117
85,111,-95
85,115,-73
76,120,-54
85,107,-49
86,114,-52
100,106,-18
101,93,-1
103,101,13
110,116,26
122,118,24
161,151,29
176,168,18
190,184,2
204,190,-4
210,210,-26
200,210,-48
188,202,-54
117,169,-71
96,134,-94
83,93,-123
68,62,-156
70,30,-184
78,2,-206
89,-5,-223
111,-43,-247
138,-78,-264
147,-93,-275
158,-98,-288
161,-93,-299
155,-91,-299
146,-60,-308
138,-38,-308
147,5,-301
146,48,-296
156,82,-270
172,140,-234
177,169,-186
197,195,-177
243,225,-121
272,234,-76
307,227,-51
331,231,-45
347,207,-41
366,206,-30
374,202,-26
379,193,-39
378,186,-26
377,191,-35
378,183,-49
374,184,-58
367,191,-69
357,199,-77
326,212,-90
283,225,-113
256,230,-122
232,218,-144
199,213,-159
170,194,-162
151,181,-177
117,129,-207
94,92,-206
85,55,-213
80,18,-220
78,-20,-230
87,-53,-219
106,-80,-224
126,-96,-224
144,-116,-230
161,-145,-223
178,-146,-230
198,-152,-244
223,-165,-253
244,-170,-246
268,-182,-250
294,-180,-250
304,-184,-236
311,-191,-233
305,-199,-239
291,-185,-253
278,-180,-276
253,-161,-291
245,-141,-305
221,-127,-309
192,-108,-318
170,-76,-306
162,-36,-298
134,-14,-294
120,8,-268
111,25,-259
102,56,-238
92,116,-180
98,122,-170
128,174,-116
136,176,-114
153,193,-85
192,210,-62
239,225,-35
274,218,-22
307,215,-11
344,208,-30
371,195,-37
384,192,-56
399,185,-71
407,179,-71
412,174,-92
419,173,-93
422,164,-106
422,158,-124
416,162,-128
407,163,-129
386,180,-142
355,201,-145
310,208,-160
276,216,-184
247,201,-203
242,194,-212
218,202,-218
200,186,-218
185,167,-223
162,164,-218
153,159,-219
144,152,-212
121,125,-211
120,122,-210
99,111,-215
102,108,-214
100,102,-204
105,119,-197
102,108,-200
93,105,-193
98,92,-196
105,135,-185
110,156,-168
121,173,-137
123,183,-138
111,155,-155
91,119,-175
79,85,-195
79,33,-223
85,-19,-235
105,-73,-241
132,-112,-238
162,-146,-240
172,-166,-228
198,-182,-236
215,-179,-233
237,-185,-237
243,-191,-233
256,-192,-238
257,-183,-259
254,-180,-268
245,-175,-273
227,-151,-293
200,-122,-304
187,-115,-311
169,-105,-311
150,-70,-308
128,-54,-288
127,-29,-291
114,14,-262
105,40,-246
98,52,-209
95,93,-213
103,131,-181
128,182,-98
172,206,-58
185,217,-37
209,223,-43
268,222,-2
309,223,15
325,225,19
331,215,21
345,213,20
362,200,20
389,185,9
404,172,-6
405,163,1
405,163,-3
414,174,-28
413,175,-41
414,176,-58
428,170,-84
424,162,-78
427,175,-75
439,161,-89
441,149,-95
441,145,-107
447,139,-105
440,136,-112
432,158,-120
421,167,-135
414,176,-142
379,197,-151
338,220,-166
280,222,-168
264,226,-170
211,213,-175
178,204,-182
153,183,-187
123,161,-187
117,109,-209
94,86,-228
88,48,-226
87,-1,-243
110,-38,-248
117,-69,-253
143,-99,-257
163,-129,-261
195,-147,-257
227,-167,-263
251,-176,-264
272,-180,-6
301,-173,-253
330,-178,-240
354,-174,-232
368,-174,-234
371,-173,-221
386,-172,-222
384,-178,-212
374,-170,-216
375,-177,-225
361,-177,-243
347,-171,-247
350,-176,-262
339,-175,-267
326,-170,-278
316,-168,-282
301,-163,-291
292,-152,-304
276,-140,-306
260,-128,-316
248,-116,-326
231,-89,-319
210,-82,-318
197,-67,-315
165,-35,-303
159,-17,-311
151,-3,-291
140,12,-296
136,12,-284
120,24,-276
108,40,-244
88,40,-232
82,28,-218
76,28,-188
64,26,-166
61,37,-165
69,55,-137
65,71,-135
72,102,-112
94,142,-106
103,149,-111
144,176,-94
154,202,-88
212,220,-64
221,232,-58
258,226,-58
295,229,-59
341,211,-55
368,202,-42
395,179,-63
416,169,-57
419,165,-75
422,146,-80
434,140,-102
432,132,-120
436,132,-128
430,142,-136
430,142,-145
435,139,-145
417,159,-159
414,164,-162
417,171,-175
394,178,-182
385,194,-178
383,191,-186
367,197,-195
330,204,-200
290,218,-214
271,215,-215
240,216,-208
217,207,-205
183,191,-203
160,178,-208
138,180,-202
125,159,-197
114,148,-194
96,122,-184
82,104,-184
70,80,-178
73,51,-175
63,17,-187
78,-24,-200
90,-58,-208
109,-75,-221
127,-105,-217
152,-120,-228
172,-132,-238
187,-149,-233
210,-162,-236
237,-155,-253
259,-175,-253
277,-167,-251
299,-163,-253
324,-158,-254
344,-158,-252
349,-161,-235
365,-157,-249
370,-150,-250
362,-156,-250
345,-157,-261
331,-157,-265
311,-149,-285
301,-141,-293
285,-127,-309
282,-100,-318
287,-99,-323
266,-88,-328
263,-67,-337
260,-58,-334
248,-28,-338
254,-24,-344
245,-18,-358
250,-14,-352
260,-20,-364
270,-16,-370
275,13,-357
275,15,-351
279,44,-354
284,44,-331
299,61,-331
328,80,-314
347,91,-303
361,89,-297
375,81,-293
370,79,-299
385,79,-286
395,65,-289
402,58,-280
411,47,-285
421,29,-271
422,28,-278
432,30,-272
428,18,-278
428,22,-286
410,32,-296
415,31,-295
413,45,-309
402,50,-310
396,50,-322
386,62,-330
371,75,-333
359,69,-335
336,74,-340
330,74,-340
312,76,-338
309,75,-341
288,62,-348
276,55,-343
275,51,-335
275,35,-335
275,35,-335
268,32,-328
276,14,-334
285,11,-319
288,10,-334
296,4,-326
293,-3,-317
310,-8,-326
307,9,-323
319,5,-319
319,-6,-326
327,-7,-329
336,6,-318
334,-2,-324
342,0,-322
333,-11,-313
336,-20,-318
328,-18,-318
326,-24,-318
299,-41,-319
298,-46,-318
286,-50,-310
269,-57,-309
278,-60,-312
280,-60,-312
278,-60,-316
271,-57,-321
273,-61,-325
274,-56,-324
269,-59,-335
254,-40,-336
251,-35,-343
245,-30,-348
250,-24,-346
235,-1,-355
230,6,-356
226,16,-350
220,23,-349
214,12,-344
217,11,-349
220,18,-346
220,2,-354
221,1,-345
214,-8,-342
220,-20,-340
217,-31,-337
218,-34,-334
219,-51,-327
222,-56,-324
221,-63,-317
231,-71,-313
234,-62,-316
256,-76,-322
258,-72,-322
277,-71,-319
277,-63,-327
274,-54,-324
281,-41,-329
270,-38,-328
282,-6,-330
284,-2,-318
285,5,-329
302,28,-332
310,56,-316
321,75,-309
335,95,-297
336,96,-292
325,97,-293
344,114,-296
348,124,-274
345,109,-289
342,112,-286
347,115,-289
349,115,-279
348,114,-294
357,107,-293
345,121,-295
333,123,-299
322,114,-316
302,116,-314
293,117,-319
281,109,-321
264,106,-318
251,113,-327
252,116,-316
229,99,-317
214,100,-314
190,76,-308
176,70,-306
178,8,-304
169,-3,-311
175,-17,-310
171,-33,-309
171,-27,-311
172,-22,-324
165,-7,-325
164,20,-318
174,54,-320
179,83,-319
172,88,-318
186,82,-308
186,86,-312
175,87,-315
174,82,-312
179,87,-303
179,91,-297
173,55,-299
172,46,-292
157,25,-287
152,-4,-286
162,-52,-274
166,-70,-274
159,-75,-262
168,-84,-262
181,-101,-273
188,-110,-266
209,-133,-245
208,-142,-246
225,-143,-233
239,-153,-247
248,-162,-242
263,-161,-235
269,-167,-255
277,-169,-242
278,-156,-252
289,-165,-257
295,-165,-253
304,-166,-252
317,-169,-249
314,-172,-252
304,-168,-256
304,-164,-264
281,-165,-281
285,-152,-294
266,-148,-298
232,-118,-312
205,-83,-323
175,-41,-323
166,-7,-321
153,29,-305
158,80,-284
166,128,-256
167,145,-249
189,169,-233
199,183,-217
231,201,-199
251,217,-179
256,216,-152
315,233,-105
333,221,-105
371,219,-87
401,187,-75
423,177,-73
432,174,-68
432,152,-68
457,143,-73
451,133,-83
456,118,-96
446,116,-96

